0.000000	1387.885742
1.000000	1502.212769
2.000000	1522.689087
3.000000	1520.823730
4.000000	1531.622192
5.000000	1546.183716
6.000000	1528.048828
7.000000	1515.356445
8.000000	1512.105835
9.000000	1515.827637
10.000000	1499.589478
11.000000	1484.706177
12.000000	1480.530396
13.000000	1472.125000
14.000000	1475.502808
15.000000	1472.683105
16.000000	1462.199585
17.000000	1460.521118
18.000000	1475.871582
19.000000	1479.647949
20.000000	1477.648560
21.000000	1481.431641
22.000000	1483.381226
23.000000	1481.036011
24.000000	1481.117065
25.000000	1477.887329
26.000000	1473.004028
27.000000	1472.190308
28.000000	1468.404663
29.000000	1452.257324
30.000000	1466.779907
31.000000	1462.114624
32.000000	1465.095581
33.000000	1466.705688
34.000000	1474.239868
35.000000	1483.351685
36.000000	1480.598145
37.000000	1477.543335
38.000000	1472.480591
39.000000	1465.917847
40.000000	1466.221558
41.000000	1442.040161
42.000000	1441.783813
43.000000	1439.347534
44.000000	1441.347168
45.000000	1446.292603
46.000000	1441.121948
47.000000	1450.916870
48.000000	1448.426270
49.000000	1451.077271
50.000000	1459.978638
51.000000	1464.774780
52.000000	1473.067505
53.000000	1484.485840
54.000000	1483.921997
55.000000	1487.609497
56.000000	1489.875000
57.000000	1489.204224
58.000000	1480.299194
59.000000	1493.850220
60.000000	1520.083618
61.000000	1519.218384
62.000000	1514.136719
63.000000	1511.908081
64.000000	1504.859375
65.000000	1511.901245
66.000000	1507.940918
67.000000	1527.927124
68.000000	1532.552368
69.000000	1537.141113
70.000000	1533.966309
71.000000	1521.872925
72.000000	1524.145874
73.000000	1525.067749
74.000000	1523.166138
75.000000	1519.599121
76.000000	1508.723633
77.000000	1509.880493
78.000000	1481.892456
79.000000	1470.203003
80.000000	1473.366699
81.000000	1486.836914
82.000000	1473.536621
83.000000	1475.899902
84.000000	1480.098267
85.000000	1473.349609
86.000000	1486.934692
87.000000	1492.695312
88.000000	1504.802368
89.000000	1517.612915
90.000000	1533.251343
91.000000	1528.024414
92.000000	1501.029785
93.000000	1501.244263
94.000000	1491.416382
95.000000	1486.506348
96.000000	1493.124023
97.000000	1484.449585
98.000000	1477.852905
99.000000	1466.231812
100.000000	1448.217285
101.000000	1441.197876
102.000000	1472.130493
103.000000	1478.646362
104.000000	1478.581909
105.000000	1485.569946
106.000000	1492.322266
107.000000	1501.369019
108.000000	1501.209595
109.000000	1521.747437
110.000000	1532.766602
111.000000	1534.536743
112.000000	1532.779907
113.000000	1494.775391
114.000000	1493.522949
115.000000	1515.938110
116.000000	1516.226562
117.000000	1509.556641
118.000000	1502.499390
119.000000	1493.528809
120.000000	1496.573242
121.000000	1482.470825
122.000000	1494.536011
123.000000	1496.262573
124.000000	1507.853516
125.000000	1506.590698
126.000000	1487.625610
127.000000	1481.818726
128.000000	1485.298950
129.000000	1484.085815
130.000000	1497.482544
131.000000	1479.338379
132.000000	1476.747559
133.000000	1467.626953
134.000000	1471.138306
135.000000	1468.634399
136.000000	1467.106079
137.000000	1461.696411
138.000000	1460.918579
139.000000	1460.688965
140.000000	1456.756348
141.000000	1447.790894
142.000000	1445.453003
143.000000	1451.616577
144.000000	1465.996948
145.000000	1479.502930
146.000000	1490.716919
147.000000	1498.026855
148.000000	1506.720825
149.000000	1513.705078
150.000000	1539.274048
151.000000	1545.496216
152.000000	1548.479004
153.000000	1549.341431
154.000000	1546.866699
155.000000	1532.894043
156.000000	1508.898926
157.000000	1491.342163
158.000000	1489.050415
159.000000	1486.455688
160.000000	1489.617798
161.000000	1464.375366
162.000000	1457.477905
163.000000	1458.165405
164.000000	1464.945923
165.000000	1491.457642
166.000000	1490.700195
167.000000	1490.531860
168.000000	1491.208008
169.000000	1490.759644
170.000000	1498.453613
171.000000	1493.940308
172.000000	1504.535156
173.000000	1515.026733
174.000000	1515.938354
175.000000	1522.332520
176.000000	1502.548706
177.000000	1501.448608
178.000000	1503.244507
179.000000	1509.924438
180.000000	1518.222046
181.000000	1510.846069
182.000000	1518.648071
183.000000	1506.927734
184.000000	1496.328247
185.000000	1498.706055
186.000000	1502.547485
187.000000	1497.218872
188.000000	1494.161987
189.000000	1493.044800
190.000000	1492.671387
191.000000	1483.795044
192.000000	1482.720215
193.000000	1489.735718
194.000000	1494.171509
195.000000	1497.306641
196.000000	1487.778320
197.000000	1472.085327
198.000000	1470.949585
199.000000	1468.041138
200.000000	1470.575684
201.000000	1462.817871
202.000000	1453.987427
203.000000	1440.872192
204.000000	1416.027222
205.000000	1417.799438
206.000000	1409.201782
207.000000	1421.950195
208.000000	1408.598511
209.000000	1400.559448
210.000000	1395.025879
211.000000	1385.814819
212.000000	1376.666504
213.000000	1376.057129
214.000000	1371.269531
215.000000	1378.518433
216.000000	1364.233887
217.000000	1366.311523
218.000000	1347.441650
219.000000	1355.965210
220.000000	1366.400024
221.000000	1381.899902
222.000000	1388.481812
223.000000	1401.995728
224.000000	1408.183960
225.000000	1428.759644
226.000000	1430.423462
227.000000	1441.596680
228.000000	1472.390137
229.000000	1483.447388
230.000000	1483.220825
231.000000	1477.049805
232.000000	1474.701172
233.000000	1483.856934
234.000000	1485.637085
235.000000	1496.848511
236.000000	1505.829468
237.000000	1503.721802
238.000000	1501.150879
239.000000	1474.874146
240.000000	1495.099487
241.000000	1499.369751
242.000000	1509.623047
243.000000	1502.595093
244.000000	1492.800903
245.000000	1494.036499
246.000000	1486.950317
247.000000	1476.601440
248.000000	1481.874634
249.000000	1493.972778
250.000000	1505.692749
251.000000	1481.259277
252.000000	1481.967285
253.000000	1475.241211
254.000000	1480.044556
255.000000	1491.304565
256.000000	1497.935547
257.000000	1500.142090
258.000000	1501.796387
259.000000	1500.970215
260.000000	1495.369995
261.000000	1483.378418
262.000000	1489.519531
263.000000	1479.793091
264.000000	1482.054688
265.000000	1477.507446
266.000000	1464.488892
267.000000	1455.722778
268.000000	1456.604980
269.000000	1461.783813
270.000000	1483.314575
271.000000	1477.030396
272.000000	1484.699097
273.000000	1479.916626
274.000000	1486.672729
275.000000	1485.393066
276.000000	1491.817261
277.000000	1504.860352
278.000000	1508.630005
279.000000	1502.623047
280.000000	1509.262207
281.000000	1483.936646
282.000000	1486.924805
283.000000	1484.376343
284.000000	1491.328735
285.000000	1501.955566
286.000000	1502.272461
287.000000	1495.681519
288.000000	1485.682007
289.000000	1479.486450
290.000000	1483.125366
291.000000	1483.882202
292.000000	1484.938843
293.000000	1485.171509
294.000000	1483.877075
295.000000	1487.627319
296.000000	1477.176147
297.000000	1470.748169
298.000000	1493.703979
299.000000	1500.479858
300.000000	1500.854126
301.000000	1490.437134
302.000000	1465.388550
303.000000	1460.817261
304.000000	1447.612671
305.000000	1446.880493
306.000000	1424.184082
307.000000	1410.594604
308.000000	1404.112915
309.000000	1370.241089
310.000000	1365.735718
311.000000	1353.349976
312.000000	1373.184692
313.000000	1375.501587
314.000000	1377.045532
315.000000	1380.608887
316.000000	1374.265625
317.000000	1377.205688
318.000000	1384.887573
319.000000	1403.378906
320.000000	1421.408813
321.000000	1416.932495
322.000000	1429.290039
323.000000	1414.456421
324.000000	1422.069702
325.000000	1437.817505
326.000000	1450.471802
327.000000	1460.389038
328.000000	1464.429321
329.000000	1470.593140
330.000000	1477.952515
331.000000	1472.927612
332.000000	1488.526489
333.000000	1519.948853
334.000000	1523.418823
335.000000	1520.317871
336.000000	1504.011353
337.000000	1501.263306
338.000000	1503.556519
339.000000	1511.161499
340.000000	1531.095703
341.000000	1518.707031
342.000000	1524.101929
343.000000	1510.402222
344.000000	1480.163208
345.000000	1480.873657
346.000000	1479.709106
347.000000	1489.565430
348.000000	1487.375977
349.000000	1486.770874
350.000000	1497.744263
351.000000	1484.011353
352.000000	1486.316284
353.000000	1486.454468
354.000000	1510.380005
355.000000	1514.474121
356.000000	1513.520142
357.000000	1513.572388
358.000000	1506.566406
359.000000	1510.505005
360.000000	1516.793945
361.000000	1536.836792
362.000000	1530.587891
363.000000	1531.851196
364.000000	1526.129517
365.000000	1504.400269
366.000000	1500.142578
367.000000	1501.505249
368.000000	1514.136230
369.000000	1512.369751
370.000000	1524.579468
371.000000	1524.651489
372.000000	1494.692749
373.000000	1491.945801
374.000000	1496.017456
375.000000	1525.548462
376.000000	1523.742310
377.000000	1537.326294
378.000000	1543.199585
379.000000	1530.776733
380.000000	1536.302734
381.000000	1523.882690
382.000000	1539.307617
383.000000	1546.020874
384.000000	1554.448853
385.000000	1533.179810
386.000000	1500.346680
387.000000	1499.727661
388.000000	1486.863892
389.000000	1488.695435
390.000000	1510.009277
391.000000	1508.410645
392.000000	1506.706055
393.000000	1481.618652
394.000000	1473.657715
395.000000	1464.866211
396.000000	1486.407227
397.000000	1497.717163
398.000000	1511.707031
399.000000	1512.915527
400.000000	1508.587402
401.000000	1494.887573
402.000000	1493.635620
403.000000	1502.198730
404.000000	1507.132812
405.000000	1514.805542
406.000000	1518.502319
407.000000	1510.550293
408.000000	1508.337524
409.000000	1495.179688
410.000000	1491.909180
411.000000	1484.684082
412.000000	1479.256348
413.000000	1480.083862
414.000000	1473.912598
415.000000	1462.172974
416.000000	1465.982788
417.000000	1493.148804
418.000000	1494.543823
419.000000	1493.972778
420.000000	1495.427612
421.000000	1496.039429
422.000000	1506.542480
423.000000	1508.967896
424.000000	1525.900024
425.000000	1517.356812
426.000000	1519.173950
427.000000	1510.937988
428.000000	1477.735474
429.000000	1476.641113
430.000000	1475.245117
431.000000	1478.943481
432.000000	1481.617554
433.000000	1473.076050
434.000000	1478.241699
435.000000	1465.285522
436.000000	1469.711304
437.000000	1488.797363
438.000000	1510.862427
439.000000	1520.166992
440.000000	1526.372681
441.000000	1530.505371
442.000000	1520.417114
443.000000	1531.872681
444.000000	1534.073853
445.000000	1526.638062
446.000000	1517.840820
447.000000	1517.490356
448.000000	1497.997681
449.000000	1477.112671
450.000000	1482.969116
451.000000	1478.567383
452.000000	1481.921753
453.000000	1490.587891
454.000000	1484.332031
455.000000	1488.418579
456.000000	1486.402344
457.000000	1486.442261
458.000000	1492.543091
459.000000	1525.197266
460.000000	1516.697754
461.000000	1508.944336
462.000000	1503.579468
463.000000	1496.276978
464.000000	1494.657837
465.000000	1507.786987
466.000000	1531.783325
467.000000	1534.212524
468.000000	1541.826538
469.000000	1538.229980
470.000000	1516.728149
471.000000	1516.883911
472.000000	1513.727173
473.000000	1524.013794
474.000000	1525.974487
475.000000	1528.758667
476.000000	1509.572144
477.000000	1478.662231
478.000000	1477.657593
479.000000	1482.791992
480.000000	1472.682617
481.000000	1465.339966
482.000000	1482.537964
483.000000	1487.790649
484.000000	1480.394897
485.000000	1490.792603
486.000000	1487.436523
487.000000	1516.700684
488.000000	1518.178711
489.000000	1520.849121
490.000000	1528.490234
491.000000	1542.351685
492.000000	1542.834351
493.000000	1534.001831
494.000000	1543.945312
495.000000	1571.076782
496.000000	1563.726074
497.000000	1575.247070
498.000000	1545.340332
499.000000	1547.422241
500.000000	1555.960327
501.000000	1565.870117
502.000000	1562.202148
503.000000	1560.126343
504.000000	1553.960571
505.000000	1562.282349
506.000000	1547.548218
507.000000	1539.175293
508.000000	1519.145630
509.000000	1516.478638
510.000000	1511.779419
511.000000	1504.183472
512.000000	1482.574585
513.000000	1481.731812
514.000000	1487.488403
515.000000	1489.137817
516.000000	1470.247559
517.000000	1456.564819
518.000000	1457.932983
519.000000	1466.780396
520.000000	1464.564087
521.000000	1476.029175
522.000000	1476.888672
523.000000	1471.053101
524.000000	1466.337402
525.000000	1474.420044
526.000000	1474.902954
527.000000	1483.754883
528.000000	1480.395996
529.000000	1488.865234
530.000000	1481.399536
531.000000	1484.021118
532.000000	1474.313477
533.000000	1474.106567
534.000000	1471.903442
535.000000	1479.282104
536.000000	1474.641479
537.000000	1469.107544
538.000000	1460.119507
539.000000	1460.699219
540.000000	1456.066284
541.000000	1466.162476
542.000000	1463.639282
543.000000	1495.089844
544.000000	1497.584595
545.000000	1508.442749
546.000000	1508.003906
547.000000	1501.971680
548.000000	1515.061890
549.000000	1514.977173
550.000000	1519.581421
551.000000	1511.432251
552.000000	1510.524536
553.000000	1519.119751
554.000000	1487.299316
555.000000	1491.391479
556.000000	1482.062378
557.000000	1473.590210
558.000000	1468.175903
559.000000	1455.945801
560.000000	1458.158569
561.000000	1455.163208
562.000000	1458.724731
563.000000	1462.679199
564.000000	1488.991821
565.000000	1489.182739
566.000000	1476.211914
567.000000	1474.260132
568.000000	1478.260742
569.000000	1490.684692
570.000000	1513.424683
571.000000	1530.739258
572.000000	1535.606934
573.000000	1534.899780
574.000000	1527.217163
575.000000	1503.702637
576.000000	1508.150024
577.000000	1509.758667
578.000000	1520.564331
579.000000	1518.179688
580.000000	1537.830688
581.000000	1518.819824
582.000000	1496.724976
583.000000	1489.313965
584.000000	1499.911621
585.000000	1498.979370
586.000000	1495.186646
587.000000	1500.681519
588.000000	1500.276001
589.000000	1491.605347
590.000000	1506.391235
591.000000	1475.866699
592.000000	1489.427124
593.000000	1492.253784
594.000000	1496.883301
595.000000	1482.807251
596.000000	1483.321655
597.000000	1481.901245
598.000000	1469.522461
599.000000	1477.667847
600.000000	1488.432251
601.000000	1474.999634
602.000000	1479.623901
603.000000	1463.607422
604.000000	1465.677368
605.000000	1464.718384
606.000000	1493.191406
607.000000	1498.946411
608.000000	1505.470337
609.000000	1512.091919
610.000000	1509.177734
611.000000	1500.988403
612.000000	1502.265259
613.000000	1519.630371
614.000000	1521.144531
615.000000	1538.686157
616.000000	1542.213257
617.000000	1517.603516
618.000000	1511.221313
619.000000	1501.734253
620.000000	1502.095215
621.000000	1493.667969
622.000000	1493.112915
623.000000	1497.125610
624.000000	1474.191772
625.000000	1490.938110
626.000000	1467.219116
627.000000	1483.893921
628.000000	1489.589478
629.000000	1487.647949
630.000000	1500.300293
631.000000	1500.704590
632.000000	1500.534180
633.000000	1502.906250
634.000000	1515.383423
635.000000	1521.022339
636.000000	1508.535522
637.000000	1504.445679
638.000000	1484.153320
639.000000	1483.444702
640.000000	1501.629272
641.000000	1501.313599
642.000000	1496.363892
643.000000	1502.684692
644.000000	1508.382446
645.000000	1486.541504
646.000000	1481.776733
647.000000	1478.648560
648.000000	1500.674316
649.000000	1507.712036
650.000000	1517.441895
651.000000	1506.086792
652.000000	1492.863892
653.000000	1495.798340
654.000000	1492.439575
655.000000	1486.254761
656.000000	1490.842163
657.000000	1497.003296
658.000000	1498.289185
659.000000	1488.662476
660.000000	1479.740234
661.000000	1461.946411
662.000000	1463.961914
663.000000	1467.098022
664.000000	1467.599243
665.000000	1478.296753
666.000000	1478.231445
667.000000	1480.405762
668.000000	1474.685181
669.000000	1491.078613
670.000000	1507.966797
671.000000	1514.316895
672.000000	1519.014526
673.000000	1511.249390
674.000000	1523.291870
675.000000	1521.345581
676.000000	1525.238647
677.000000	1523.586914
678.000000	1522.592651
679.000000	1526.528320
680.000000	1507.200562
681.000000	1484.149902
682.000000	1478.045410
683.000000	1484.265015
684.000000	1484.610718
685.000000	1473.469360
686.000000	1471.985474
687.000000	1460.137573
688.000000	1460.151733
689.000000	1461.691895
690.000000	1467.295288
691.000000	1472.571899
692.000000	1480.665894
693.000000	1479.845215
694.000000	1469.871704
695.000000	1479.541016
696.000000	1476.241821
697.000000	1489.767700
698.000000	1496.622070
699.000000	1491.237305
700.000000	1493.317749
701.000000	1487.297729
702.000000	1477.080566
703.000000	1465.308105
704.000000	1454.649536
705.000000	1452.583862
706.000000	1431.415527
707.000000	1430.983887
708.000000	1402.749878
709.000000	1384.150024
710.000000	1382.886230
711.000000	1375.070312
712.000000	1365.211182
713.000000	1361.269043
714.000000	1351.669556
715.000000	1376.556763
716.000000	1381.793945
717.000000	1384.940063
718.000000	1405.864624
719.000000	1422.171021
720.000000	1452.698364
721.000000	1456.737793
722.000000	1457.457886
723.000000	1461.780884
724.000000	1474.773315
725.000000	1492.433105
726.000000	1477.937378
727.000000	1474.563477
728.000000	1484.835815
729.000000	1464.941284
730.000000	1481.447754
731.000000	1472.373413
732.000000	1494.651978
733.000000	1494.690796
734.000000	1507.593384
735.000000	1516.242676
736.000000	1516.262207
737.000000	1520.781372
738.000000	1523.278809
739.000000	1530.181519
740.000000	1533.961304
741.000000	1519.651978
742.000000	1512.315796
743.000000	1494.307007
744.000000	1493.954102
745.000000	1505.888184
746.000000	1496.684082
747.000000	1489.192749
748.000000	1487.312134
749.000000	1485.012573
750.000000	1497.967285
751.000000	1499.812378
752.000000	1497.753784
753.000000	1505.680054
754.000000	1501.394531
755.000000	1515.719849
756.000000	1494.916870
757.000000	1493.989380
758.000000	1507.506714
759.000000	1507.765137
760.000000	1530.450684
761.000000	1517.553711
762.000000	1518.301270
763.000000	1522.467407
764.000000	1519.302734
765.000000	1541.755859
766.000000	1531.173340
767.000000	1542.300293
768.000000	1542.863281
769.000000	1535.526733
770.000000	1542.347778
771.000000	1521.469604
772.000000	1513.095093
773.000000	1516.078125
774.000000	1534.531860
775.000000	1549.083374
776.000000	1539.392944
777.000000	1540.110718
778.000000	1525.696777
779.000000	1532.480469
780.000000	1540.720825
781.000000	1529.852417
782.000000	1544.489868
783.000000	1548.113770
784.000000	1540.978394
785.000000	1519.334106
786.000000	1497.600952
787.000000	1492.160034
788.000000	1499.046509
789.000000	1503.112915
790.000000	1501.044800
791.000000	1494.512817
792.000000	1496.508789
793.000000	1483.869141
794.000000	1481.946167
795.000000	1473.324097
796.000000	1469.501953
797.000000	1474.172241
798.000000	1464.188110
799.000000	1455.242676
800.000000	1454.393921
801.000000	1445.086060
802.000000	1438.778442
803.000000	1434.606934
804.000000	1425.091675
805.000000	1422.688965
806.000000	1425.156860
807.000000	1415.852051
808.000000	1395.087280
809.000000	1389.310547
810.000000	1376.614258
811.000000	1368.116211
812.000000	1360.012451
813.000000	1349.281616
814.000000	1346.254517
815.000000	1355.710327
816.000000	1348.878418
817.000000	1345.154297
818.000000	1360.671143
819.000000	1367.536011
820.000000	1384.144531
821.000000	1395.335815
822.000000	1403.550171
823.000000	1439.311035
824.000000	1445.384888
825.000000	1466.565430
826.000000	1468.101685
827.000000	1476.879395
828.000000	1483.037231
829.000000	1481.019531
830.000000	1498.557129
831.000000	1496.918457
832.000000	1501.078125
833.000000	1496.916382
834.000000	1467.063965
835.000000	1480.205688
836.000000	1471.692871
837.000000	1511.178345
838.000000	1519.032349
839.000000	1524.217285
840.000000	1516.807251
841.000000	1509.849731
842.000000	1517.624878
843.000000	1519.020874
844.000000	1537.714844
845.000000	1553.335327
846.000000	1549.850464
847.000000	1551.048218
848.000000	1517.324585
849.000000	1511.868286
850.000000	1529.207642
851.000000	1548.699585
852.000000	1543.857300
853.000000	1531.677368
854.000000	1535.796997
855.000000	1552.355957
856.000000	1546.444702
857.000000	1547.908569
858.000000	1561.210938
859.000000	1556.946167
860.000000	1564.103638
861.000000	1547.709595
862.000000	1535.957886
863.000000	1552.446655
864.000000	1560.166016
865.000000	1564.136841
866.000000	1533.024902
867.000000	1528.604980
868.000000	1525.968872
869.000000	1511.553101
870.000000	1531.165894
871.000000	1521.555664
872.000000	1516.338257
873.000000	1517.646362
874.000000	1501.367065
875.000000	1494.320435
876.000000	1485.116577
877.000000	1481.894897
878.000000	1483.091797
879.000000	1474.081665
880.000000	1463.012695
881.000000	1442.767700
882.000000	1445.543335
883.000000	1448.049927
884.000000	1458.380005
885.000000	1480.851685
886.000000	1498.120972
887.000000	1500.207397
888.000000	1503.197876
889.000000	1501.214233
890.000000	1518.770630
891.000000	1523.208374
892.000000	1516.445679
893.000000	1523.651855
894.000000	1518.263062
895.000000	1525.205078
896.000000	1509.425415
897.000000	1491.656372
898.000000	1489.444702
899.000000	1503.295776
900.000000	1487.493774
901.000000	1474.926392
902.000000	1483.612427
903.000000	1484.572876
904.000000	1473.201172
905.000000	1484.785522
906.000000	1462.235229
907.000000	1462.566528
908.000000	1463.865601
909.000000	1466.942871
910.000000	1476.387817
911.000000	1490.717285
912.000000	1490.542114
913.000000	1486.462280
914.000000	1485.413696
915.000000	1488.093872
916.000000	1484.070312
917.000000	1484.541504
918.000000	1475.189819
919.000000	1479.154785
920.000000	1481.513184
921.000000	1476.787109
922.000000	1477.946899
923.000000	1480.484497
924.000000	1481.414429
925.000000	1501.613892
926.000000	1505.431519
927.000000	1506.630005
928.000000	1511.381958
929.000000	1511.253296
930.000000	1522.170288
931.000000	1513.949097
932.000000	1495.855469
933.000000	1498.812866
934.000000	1498.915649
935.000000	1509.143921
936.000000	1495.063477
937.000000	1489.832520
938.000000	1490.918457
939.000000	1488.846313
940.000000	1525.312134
941.000000	1524.404663
942.000000	1531.498413
943.000000	1536.292114
944.000000	1545.143921
945.000000	1577.433105
946.000000	1564.085327
947.000000	1560.882202
948.000000	1558.692261
949.000000	1589.263672
950.000000	1592.384155
951.000000	1558.291138
952.000000	1543.337402
953.000000	1539.362671
954.000000	1531.248657
955.000000	1520.286987
956.000000	1487.214722
957.000000	1483.986938
958.000000	1485.010132
959.000000	1491.005493
960.000000	1447.432251
961.000000	1436.929199
962.000000	1438.189819
963.000000	1432.860718
964.000000	1425.708008
965.000000	1432.825806
966.000000	1436.111694
967.000000	1433.931274
968.000000	1450.330566
969.000000	1452.314819
970.000000	1449.904175
971.000000	1464.549194
972.000000	1471.838989
973.000000	1472.750122
974.000000	1472.648926
975.000000	1486.765991
976.000000	1483.661987
977.000000	1485.280762
978.000000	1490.708618
979.000000	1481.492676
980.000000	1484.323242
981.000000	1486.565308
982.000000	1475.250122
983.000000	1471.929688
984.000000	1484.640259
985.000000	1476.947144
986.000000	1476.287476
987.000000	1476.677612
988.000000	1468.625854
989.000000	1458.963379
990.000000	1502.394531
991.000000	1478.401733
992.000000	1470.210449
993.000000	1467.984375
994.000000	1477.247192
995.000000	1461.364868
996.000000	1469.661133
997.000000	1467.621582
998.000000	1461.467285
999.000000	1445.266113
