0.000000	1334.308594
1.000000	1452.399414
2.000000	1467.247070
3.000000	1468.672729
4.000000	1473.092407
5.000000	1476.957642
6.000000	1482.052734
7.000000	1480.917480
8.000000	1476.523560
9.000000	1477.675903
10.000000	1471.668945
11.000000	1468.678101
12.000000	1470.214233
13.000000	1468.087036
14.000000	1471.388794
15.000000	1463.649414
16.000000	1459.618164
17.000000	1456.094238
18.000000	1463.191284
19.000000	1464.825195
20.000000	1469.883789
21.000000	1470.219116
22.000000	1475.728149
23.000000	1469.267212
24.000000	1468.796387
25.000000	1468.924683
26.000000	1478.770996
27.000000	1474.900757
28.000000	1473.449829
29.000000	1464.072876
30.000000	1460.985718
31.000000	1457.897949
32.000000	1460.799438
33.000000	1454.385742
34.000000	1454.755005
35.000000	1454.960327
36.000000	1444.581909
37.000000	1438.156738
38.000000	1441.750977
39.000000	1438.528931
40.000000	1439.829590
41.000000	1444.528198
42.000000	1449.085815
43.000000	1453.673218
44.000000	1459.263062
45.000000	1463.935059
46.000000	1470.948608
47.000000	1472.504761
48.000000	1474.059692
49.000000	1471.984009
50.000000	1479.323608
51.000000	1482.785278
52.000000	1484.705933
53.000000	1484.025757
54.000000	1480.718262
55.000000	1479.914673
56.000000	1476.670044
57.000000	1466.872192
58.000000	1473.311890
59.000000	1477.385620
60.000000	1478.272949
61.000000	1474.526978
62.000000	1478.446167
63.000000	1471.874390
64.000000	1467.611938
65.000000	1462.090820
66.000000	1457.062378
67.000000	1454.467407
68.000000	1456.787964
69.000000	1450.217773
70.000000	1442.219238
71.000000	1441.527466
72.000000	1440.201538
73.000000	1430.746216
74.000000	1434.286011
75.000000	1437.459106
76.000000	1442.411133
77.000000	1445.625977
78.000000	1450.494507
79.000000	1448.476562
80.000000	1450.088379
81.000000	1460.591797
82.000000	1457.493164
83.000000	1456.449341
84.000000	1463.829956
85.000000	1467.475220
86.000000	1465.719604
87.000000	1463.585449
88.000000	1468.023926
89.000000	1469.525879
90.000000	1475.714844
91.000000	1481.467773
92.000000	1479.789185
93.000000	1483.112793
94.000000	1483.831421
95.000000	1479.038452
96.000000	1475.993652
97.000000	1476.470093
98.000000	1474.408325
99.000000	1468.453735
100.000000	1463.839233
101.000000	1457.749390
102.000000	1452.799805
103.000000	1448.593872
104.000000	1443.445923
105.000000	1445.195923
106.000000	1449.236694
107.000000	1442.164551
108.000000	1442.875488
109.000000	1454.222778
110.000000	1453.502563
111.000000	1450.890625
112.000000	1453.775024
113.000000	1451.975220
114.000000	1451.097046
115.000000	1457.670776
116.000000	1463.333618
117.000000	1460.984741
118.000000	1460.045288
119.000000	1459.666992
120.000000	1445.826538
121.000000	1447.545776
122.000000	1448.327148
123.000000	1454.527954
124.000000	1453.906616
125.000000	1459.176636
126.000000	1455.786133
127.000000	1453.356812
128.000000	1456.810547
129.000000	1459.727661
130.000000	1459.255249
131.000000	1459.989258
132.000000	1460.499023
133.000000	1464.006958
134.000000	1456.734741
135.000000	1456.274292
136.000000	1448.968872
137.000000	1447.267212
138.000000	1442.210571
139.000000	1434.627441
140.000000	1437.733398
141.000000	1442.696289
142.000000	1444.001099
143.000000	1443.196167
144.000000	1447.948242
145.000000	1454.094604
146.000000	1455.250610
147.000000	1454.520630
148.000000	1456.881470
149.000000	1463.204468
150.000000	1472.253052
151.000000	1469.198364
152.000000	1464.958008
153.000000	1472.346313
154.000000	1475.836548
155.000000	1466.059692
156.000000	1458.525269
157.000000	1457.777344
158.000000	1462.738403
159.000000	1461.904785
160.000000	1452.375977
161.000000	1448.690063
162.000000	1450.660156
163.000000	1453.485352
164.000000	1454.735840
165.000000	1451.697632
166.000000	1459.107056
167.000000	1462.996582
168.000000	1466.743042
169.000000	1462.799927
170.000000	1462.845337
171.000000	1466.408325
172.000000	1470.634888
173.000000	1470.465454
174.000000	1471.825684
175.000000	1467.453491
176.000000	1471.500977
177.000000	1466.493164
178.000000	1462.319824
179.000000	1463.901855
180.000000	1467.943726
181.000000	1465.237671
182.000000	1467.424316
183.000000	1461.534180
184.000000	1468.041382
185.000000	1460.296387
186.000000	1455.698730
187.000000	1452.043335
188.000000	1448.936401
189.000000	1450.253418
190.000000	1447.858521
191.000000	1444.203735
192.000000	1450.954590
193.000000	1451.437866
194.000000	1445.152222
195.000000	1432.275269
196.000000	1432.831177
197.000000	1432.840942
198.000000	1428.766235
199.000000	1433.935425
200.000000	1435.073242
201.000000	1426.437134
202.000000	1418.572266
203.000000	1402.727173
204.000000	1397.842651
205.000000	1393.407715
206.000000	1391.229126
207.000000	1380.125977
208.000000	1372.687378
209.000000	1364.240112
210.000000	1346.857910
211.000000	1330.287720
212.000000	1328.144531
213.000000	1322.183960
214.000000	1322.313843
215.000000	1312.385376
216.000000	1310.109497
217.000000	1311.607544
218.000000	1319.973511
219.000000	1323.921631
220.000000	1337.865234
221.000000	1352.078979
222.000000	1367.679810
223.000000	1379.073120
224.000000	1393.299683
225.000000	1406.295532
226.000000	1422.353516
227.000000	1433.742065
228.000000	1440.341431
229.000000	1445.810669
230.000000	1452.523560
231.000000	1452.797852
232.000000	1455.836792
233.000000	1453.819702
234.000000	1449.270630
235.000000	1454.775024
236.000000	1462.298340
237.000000	1461.031372
238.000000	1460.354126
239.000000	1460.704468
240.000000	1469.236328
241.000000	1470.439575
242.000000	1473.356567
243.000000	1468.489868
244.000000	1472.033203
245.000000	1473.888184
246.000000	1467.475098
247.000000	1462.470337
248.000000	1460.405762
249.000000	1470.009399
250.000000	1474.662964
251.000000	1466.244141
252.000000	1463.901245
253.000000	1455.184692
254.000000	1455.377930
255.000000	1454.163696
256.000000	1458.884766
257.000000	1458.286743
258.000000	1452.796509
259.000000	1452.148560
260.000000	1448.039062
261.000000	1442.452759
262.000000	1439.505005
263.000000	1441.488159
264.000000	1444.206177
265.000000	1450.251587
266.000000	1454.542847
267.000000	1458.371216
268.000000	1462.140747
269.000000	1465.283081
270.000000	1469.255371
271.000000	1462.554077
272.000000	1461.521851
273.000000	1467.285522
274.000000	1466.267578
275.000000	1471.995972
276.000000	1468.513062
277.000000	1458.814941
278.000000	1452.466309
279.000000	1449.686157
280.000000	1455.302734
281.000000	1451.590210
282.000000	1455.464478
283.000000	1458.504272
284.000000	1453.753052
285.000000	1458.680176
286.000000	1454.849976
287.000000	1454.492554
288.000000	1458.240112
289.000000	1459.596313
290.000000	1461.219360
291.000000	1456.835938
292.000000	1462.016968
293.000000	1459.285767
294.000000	1458.142944
295.000000	1464.017700
296.000000	1453.176270
297.000000	1448.833984
298.000000	1446.466431
299.000000	1444.581421
300.000000	1439.471069
301.000000	1434.667603
302.000000	1423.215820
303.000000	1409.457642
304.000000	1405.432495
305.000000	1399.644043
306.000000	1387.935547
307.000000	1383.221069
308.000000	1373.651489
309.000000	1368.670044
310.000000	1358.575317
311.000000	1354.121216
312.000000	1353.706543
313.000000	1350.453247
314.000000	1345.088135
315.000000	1343.987427
316.000000	1343.273560
317.000000	1343.618652
318.000000	1348.541504
319.000000	1352.866943
320.000000	1352.236450
321.000000	1362.772095
322.000000	1369.532593
323.000000	1366.820923
324.000000	1377.592285
325.000000	1390.716187
326.000000	1394.890015
327.000000	1401.825562
328.000000	1406.485718
329.000000	1416.890503
330.000000	1433.227173
331.000000	1447.442261
332.000000	1454.530762
333.000000	1453.028320
334.000000	1456.813843
335.000000	1462.445435
336.000000	1460.351196
337.000000	1461.559937
338.000000	1458.681519
339.000000	1464.993042
340.000000	1461.338989
341.000000	1453.021362
342.000000	1444.593140
343.000000	1441.435059
344.000000	1446.197754
345.000000	1445.208862
346.000000	1444.564453
347.000000	1453.902710
348.000000	1456.880737
349.000000	1459.488770
350.000000	1454.288696
351.000000	1450.282227
352.000000	1448.870605
353.000000	1457.604126
354.000000	1457.065552
355.000000	1461.219238
356.000000	1469.584106
357.000000	1469.801147
358.000000	1463.562622
359.000000	1458.879272
360.000000	1461.282104
361.000000	1469.611206
362.000000	1475.031738
363.000000	1481.001343
364.000000	1476.265991
365.000000	1481.398438
366.000000	1476.610962
367.000000	1474.127319
368.000000	1470.535767
369.000000	1473.266724
370.000000	1472.197388
371.000000	1469.068359
372.000000	1461.307495
373.000000	1462.219360
374.000000	1455.485352
375.000000	1459.230957
376.000000	1458.904297
377.000000	1461.640015
378.000000	1464.389160
379.000000	1468.081055
380.000000	1472.778442
381.000000	1475.049194
382.000000	1470.364380
383.000000	1470.447876
384.000000	1466.700562
385.000000	1468.477417
386.000000	1466.753784
387.000000	1459.811646
388.000000	1453.511719
389.000000	1447.815796
390.000000	1450.394043
391.000000	1449.473999
392.000000	1454.696411
393.000000	1460.284180
394.000000	1466.185181
395.000000	1465.367188
396.000000	1467.980957
397.000000	1464.736328
398.000000	1464.837891
399.000000	1466.802246
400.000000	1475.442505
401.000000	1472.735962
402.000000	1469.504395
403.000000	1471.756836
404.000000	1476.751953
405.000000	1475.447144
406.000000	1478.713745
407.000000	1477.664673
408.000000	1475.622437
409.000000	1478.838257
410.000000	1480.841919
411.000000	1475.325317
412.000000	1475.192261
413.000000	1478.801147
414.000000	1476.826172
415.000000	1472.621216
416.000000	1467.327759
417.000000	1475.486816
418.000000	1477.741211
419.000000	1478.786499
420.000000	1482.416138
421.000000	1480.984375
422.000000	1484.410278
423.000000	1480.858398
424.000000	1479.891602
425.000000	1481.566528
426.000000	1481.824219
427.000000	1482.286743
428.000000	1477.572144
429.000000	1477.074585
430.000000	1484.697388
431.000000	1479.680176
432.000000	1480.268066
433.000000	1472.635376
434.000000	1473.877808
435.000000	1467.611206
436.000000	1462.235229
437.000000	1465.605103
438.000000	1468.743652
439.000000	1464.678101
440.000000	1465.662598
441.000000	1460.305176
442.000000	1459.741089
443.000000	1465.290894
444.000000	1467.436523
445.000000	1475.025757
446.000000	1482.966919
447.000000	1482.561157
448.000000	1474.375610
449.000000	1469.892578
450.000000	1466.510742
451.000000	1464.676636
452.000000	1468.841675
453.000000	1470.470337
454.000000	1460.745605
455.000000	1457.857422
456.000000	1454.539551
457.000000	1452.888062
458.000000	1461.364868
459.000000	1466.001953
460.000000	1472.971680
461.000000	1477.811157
462.000000	1480.569824
463.000000	1477.739258
464.000000	1479.810547
465.000000	1489.391113
466.000000	1494.798706
467.000000	1492.877808
468.000000	1492.883911
469.000000	1484.697266
470.000000	1486.021606
471.000000	1482.051758
472.000000	1482.552368
473.000000	1481.686157
474.000000	1484.098022
475.000000	1485.078247
476.000000	1479.216309
477.000000	1478.696167
478.000000	1479.583008
479.000000	1478.863281
480.000000	1487.557739
481.000000	1491.512329
482.000000	1493.584351
483.000000	1493.406128
484.000000	1491.447266
485.000000	1491.161011
486.000000	1488.439819
487.000000	1494.038452
488.000000	1494.452515
489.000000	1490.079712
490.000000	1484.090332
491.000000	1481.195679
492.000000	1479.338379
493.000000	1477.119751
494.000000	1477.973022
495.000000	1481.007202
496.000000	1476.416626
497.000000	1475.342773
498.000000	1466.485718
499.000000	1461.650269
500.000000	1468.842163
501.000000	1464.896973
502.000000	1460.859375
503.000000	1457.404419
504.000000	1461.130493
505.000000	1454.815796
506.000000	1453.437134
507.000000	1449.990845
508.000000	1450.759644
509.000000	1454.596558
510.000000	1455.459473
511.000000	1451.731934
512.000000	1461.660645
513.000000	1456.130005
514.000000	1455.589233
515.000000	1452.904907
516.000000	1456.430298
517.000000	1448.577759
518.000000	1451.782715
519.000000	1453.659180
520.000000	1455.179199
521.000000	1460.237671
522.000000	1459.507446
523.000000	1458.166992
524.000000	1465.918335
525.000000	1467.482544
526.000000	1467.293945
527.000000	1468.064331
528.000000	1477.207153
529.000000	1480.648438
530.000000	1477.281128
531.000000	1472.713501
532.000000	1470.307983
533.000000	1472.251953
534.000000	1471.728516
535.000000	1474.370605
536.000000	1471.235229
537.000000	1467.956543
538.000000	1465.739624
539.000000	1455.632935
540.000000	1459.608398
541.000000	1460.232910
542.000000	1462.937134
543.000000	1464.650391
544.000000	1463.336914
545.000000	1458.754028
546.000000	1449.520508
547.000000	1446.830688
548.000000	1449.585938
549.000000	1453.511597
550.000000	1464.198730
551.000000	1457.830566
552.000000	1456.231445
553.000000	1457.732300
554.000000	1450.481079
555.000000	1441.913574
556.000000	1448.094727
557.000000	1456.292114
558.000000	1461.324219
559.000000	1462.371704
560.000000	1458.955078
561.000000	1452.092163
562.000000	1449.903442
563.000000	1450.351196
564.000000	1444.973267
565.000000	1445.924194
566.000000	1453.098145
567.000000	1453.002808
568.000000	1448.302124
569.000000	1445.344116
570.000000	1442.669922
571.000000	1439.766602
572.000000	1438.513794
573.000000	1442.281616
574.000000	1442.581543
575.000000	1448.860840
576.000000	1448.035767
577.000000	1446.971069
578.000000	1443.314819
579.000000	1441.926147
580.000000	1450.729858
581.000000	1450.449097
582.000000	1457.850220
583.000000	1465.940552
584.000000	1465.665039
585.000000	1467.484253
586.000000	1461.434448
587.000000	1464.255493
588.000000	1466.313599
589.000000	1471.089478
590.000000	1475.303345
591.000000	1470.550781
592.000000	1467.794800
593.000000	1459.879272
594.000000	1450.775024
595.000000	1448.980103
596.000000	1447.294434
597.000000	1454.599487
598.000000	1457.450562
599.000000	1455.226196
600.000000	1451.639282
601.000000	1449.727661
602.000000	1451.466675
603.000000	1459.091309
604.000000	1461.892944
605.000000	1461.749512
606.000000	1459.219604
607.000000	1456.152954
608.000000	1452.342651
609.000000	1451.320190
610.000000	1449.215698
611.000000	1442.642944
612.000000	1441.832397
613.000000	1432.162598
614.000000	1424.243652
615.000000	1431.703735
616.000000	1434.027832
617.000000	1435.961548
618.000000	1437.762085
619.000000	1436.463867
620.000000	1438.840210
621.000000	1438.639526
622.000000	1440.265747
623.000000	1442.180176
624.000000	1445.570435
625.000000	1449.804077
626.000000	1442.288940
627.000000	1441.149048
628.000000	1441.914917
629.000000	1447.249634
630.000000	1452.317993
631.000000	1446.607056
632.000000	1452.706543
633.000000	1457.020630
634.000000	1463.908325
635.000000	1463.945679
636.000000	1459.701538
637.000000	1461.784790
638.000000	1467.720703
639.000000	1468.287598
640.000000	1466.290161
641.000000	1457.836914
642.000000	1459.517700
643.000000	1457.590332
644.000000	1455.725464
645.000000	1447.700806
646.000000	1448.861938
647.000000	1457.161255
648.000000	1461.667603
649.000000	1463.727417
650.000000	1462.748413
651.000000	1465.021484
652.000000	1467.112671
653.000000	1465.732788
654.000000	1460.648804
655.000000	1465.963379
656.000000	1462.561035
657.000000	1469.195801
658.000000	1467.275024
659.000000	1462.293335
660.000000	1458.187378
661.000000	1464.276001
662.000000	1456.293579
663.000000	1460.752930
664.000000	1462.746216
665.000000	1468.911255
666.000000	1464.226685
667.000000	1463.182007
668.000000	1453.386841
669.000000	1448.656372
670.000000	1452.318970
671.000000	1450.642456
672.000000	1450.076538
673.000000	1450.465698
674.000000	1445.033081
675.000000	1449.048462
676.000000	1444.321777
677.000000	1440.590454
678.000000	1442.206909
679.000000	1444.844116
680.000000	1445.184448
681.000000	1437.459839
682.000000	1436.302368
683.000000	1428.659668
684.000000	1429.772339
685.000000	1427.600098
686.000000	1425.228516
687.000000	1430.510376
688.000000	1432.860718
689.000000	1436.442017
690.000000	1435.720215
691.000000	1440.900024
692.000000	1445.007446
693.000000	1443.461304
694.000000	1448.576782
695.000000	1449.795044
696.000000	1454.188354
697.000000	1450.662231
698.000000	1445.819824
699.000000	1448.891724
700.000000	1448.904907
701.000000	1444.940918
702.000000	1431.905396
703.000000	1423.334473
704.000000	1421.387817
705.000000	1408.887817
706.000000	1396.870239
707.000000	1389.589844
708.000000	1381.837769
709.000000	1372.772949
710.000000	1361.565796
711.000000	1345.639893
712.000000	1337.944214
713.000000	1337.725220
714.000000	1338.425049
715.000000	1333.120972
716.000000	1333.681274
717.000000	1337.916504
718.000000	1337.692383
719.000000	1337.057129
720.000000	1344.600708
721.000000	1352.475220
722.000000	1360.530762
723.000000	1377.034180
724.000000	1387.882812
725.000000	1395.024780
726.000000	1405.214355
727.000000	1415.335938
728.000000	1429.272095
729.000000	1436.992065
730.000000	1448.994995
731.000000	1453.625366
732.000000	1454.924927
733.000000	1462.732300
734.000000	1459.805176
735.000000	1459.015259
736.000000	1458.979004
737.000000	1455.909546
738.000000	1452.781250
739.000000	1453.080933
740.000000	1455.955444
741.000000	1458.366333
742.000000	1453.404419
743.000000	1459.614258
744.000000	1460.910767
745.000000	1469.690552
746.000000	1466.204224
747.000000	1465.390137
748.000000	1469.046875
749.000000	1474.262695
750.000000	1464.985474
751.000000	1464.312378
752.000000	1460.201660
753.000000	1465.398804
754.000000	1456.077148
755.000000	1455.764526
756.000000	1449.500000
757.000000	1452.571411
758.000000	1451.460083
759.000000	1450.040405
760.000000	1446.947144
761.000000	1453.744507
762.000000	1448.312622
763.000000	1445.597046
764.000000	1446.808716
765.000000	1455.655640
766.000000	1452.203491
767.000000	1452.287598
768.000000	1455.335815
769.000000	1460.624390
770.000000	1463.709839
771.000000	1464.645386
772.000000	1463.730103
773.000000	1472.016724
774.000000	1475.635132
775.000000	1479.572266
776.000000	1476.059448
777.000000	1477.524048
778.000000	1479.574829
779.000000	1479.708130
780.000000	1478.462036
781.000000	1472.272095
782.000000	1476.372925
783.000000	1472.859985
784.000000	1467.585327
785.000000	1468.883301
786.000000	1463.180664
787.000000	1464.043091
788.000000	1464.801758
789.000000	1464.945923
790.000000	1467.177124
791.000000	1465.199585
792.000000	1469.174194
793.000000	1463.110352
794.000000	1459.347656
795.000000	1461.816284
796.000000	1458.853027
797.000000	1452.579224
798.000000	1447.213867
799.000000	1443.153442
800.000000	1438.718384
801.000000	1428.875488
802.000000	1427.812378
803.000000	1423.558716
804.000000	1418.494629
805.000000	1414.761719
806.000000	1403.686035
807.000000	1389.582031
808.000000	1383.246948
809.000000	1379.296875
810.000000	1373.971558
811.000000	1360.019653
812.000000	1350.173218
813.000000	1340.654541
814.000000	1333.156128
815.000000	1332.269897
816.000000	1337.019775
817.000000	1340.713257
818.000000	1346.250610
819.000000	1353.644287
820.000000	1357.500732
821.000000	1361.291992
822.000000	1372.417114
823.000000	1390.755371
824.000000	1399.484375
825.000000	1417.055298
826.000000	1423.567749
827.000000	1431.381348
828.000000	1435.402466
829.000000	1446.742310
830.000000	1448.435669
831.000000	1454.519897
832.000000	1458.598511
833.000000	1459.830200
834.000000	1457.170532
835.000000	1463.356079
836.000000	1458.387329
837.000000	1461.664062
838.000000	1460.604126
839.000000	1459.392212
840.000000	1463.461304
841.000000	1465.167969
842.000000	1463.308594
843.000000	1466.469116
844.000000	1475.905151
845.000000	1474.075562
846.000000	1470.987183
847.000000	1472.861206
848.000000	1467.629517
849.000000	1466.443970
850.000000	1466.445435
851.000000	1457.314087
852.000000	1460.746704
853.000000	1464.829102
854.000000	1464.851562
855.000000	1461.531860
856.000000	1462.070801
857.000000	1463.753296
858.000000	1462.450562
859.000000	1467.529175
860.000000	1466.306763
861.000000	1470.198242
862.000000	1471.873901
863.000000	1471.850098
864.000000	1470.492554
865.000000	1472.272095
866.000000	1470.961304
867.000000	1467.769043
868.000000	1464.239868
869.000000	1461.613770
870.000000	1469.196655
871.000000	1473.939941
872.000000	1476.901245
873.000000	1481.520142
874.000000	1482.047241
875.000000	1478.886230
876.000000	1475.273926
877.000000	1474.558716
878.000000	1480.745728
879.000000	1488.407593
880.000000	1495.404175
881.000000	1487.010376
882.000000	1482.364746
883.000000	1475.564575
884.000000	1476.001831
885.000000	1473.970337
886.000000	1471.613647
887.000000	1465.578491
888.000000	1461.515259
889.000000	1460.753296
890.000000	1457.473022
891.000000	1450.977905
892.000000	1454.017212
893.000000	1460.731323
894.000000	1466.115112
895.000000	1464.250854
896.000000	1461.209595
897.000000	1460.218384
898.000000	1466.740112
899.000000	1476.655151
900.000000	1482.900513
901.000000	1479.892944
902.000000	1484.572144
903.000000	1484.020020
904.000000	1476.042969
905.000000	1476.948730
906.000000	1477.663574
907.000000	1478.881958
908.000000	1487.515015
909.000000	1484.365723
910.000000	1476.314331
911.000000	1468.746704
912.000000	1469.656616
913.000000	1462.522461
914.000000	1459.936646
915.000000	1466.351562
916.000000	1460.260742
917.000000	1458.809448
918.000000	1461.736694
919.000000	1458.998535
920.000000	1458.954224
921.000000	1456.630249
922.000000	1460.589966
923.000000	1464.401855
924.000000	1469.417603
925.000000	1473.533813
926.000000	1466.085815
927.000000	1471.079712
928.000000	1468.485718
929.000000	1465.156250
930.000000	1463.861938
931.000000	1466.698364
932.000000	1469.078247
933.000000	1464.481812
934.000000	1462.082520
935.000000	1467.335327
936.000000	1458.915527
937.000000	1462.416016
938.000000	1464.776001
939.000000	1466.467407
940.000000	1472.375122
941.000000	1479.119019
942.000000	1484.877319
943.000000	1489.446411
944.000000	1490.264648
945.000000	1478.721802
946.000000	1466.472290
947.000000	1469.439087
948.000000	1470.234985
949.000000	1461.777466
950.000000	1466.788574
951.000000	1461.746460
952.000000	1454.858765
953.000000	1447.255981
954.000000	1444.719727
955.000000	1450.563843
956.000000	1455.551880
957.000000	1456.945190
958.000000	1458.425659
959.000000	1459.382446
960.000000	1457.421753
961.000000	1447.330078
962.000000	1444.489136
963.000000	1440.318848
964.000000	1441.024780
965.000000	1438.394165
966.000000	1435.160156
967.000000	1440.322266
968.000000	1445.218750
969.000000	1442.820312
970.000000	1440.497070
971.000000	1446.654419
972.000000	1451.117798
973.000000	1452.778931
974.000000	1455.625977
975.000000	1456.259155
976.000000	1460.201172
977.000000	1458.401855
978.000000	1456.969238
979.000000	1459.926147
980.000000	1461.369141
981.000000	1462.035034
982.000000	1459.278442
983.000000	1458.385620
984.000000	1463.750610
985.000000	1462.689331
986.000000	1456.767456
987.000000	1451.088867
988.000000	1446.641724
989.000000	1444.432983
990.000000	1450.954712
991.000000	1456.661621
992.000000	1453.711426
993.000000	1451.865356
994.000000	1455.434082
995.000000	1452.529785
996.000000	1446.842773
997.000000	1443.880005
998.000000	1440.316528
999.000000	1429.919800
