0.000000	1469.898438
1.000000	1406.705566
2.000000	1407.370361
3.000000	1386.904419
4.000000	1411.346924
5.000000	1403.584595
6.000000	1406.858154
7.000000	1366.895508
8.000000	1392.615723
9.000000	1410.963013
10.000000	1407.853394
11.000000	1411.586548
12.000000	1394.987061
13.000000	1414.971313
14.000000	1401.801392
15.000000	1381.274658
16.000000	1412.563354
17.000000	1405.751831
18.000000	1383.197876
19.000000	1419.962158
20.000000	1398.017212
21.000000	1411.911011
22.000000	1405.817993
23.000000	1394.353760
24.000000	1386.299927
25.000000	1411.678223
26.000000	1401.851440
27.000000	1400.166504
28.000000	1390.643799
29.000000	1409.241089
30.000000	1377.425781
31.000000	1407.452637
32.000000	1410.169556
33.000000	1389.680664
34.000000	1404.763794
35.000000	1384.628174
36.000000	1388.593994
37.000000	1397.334961
38.000000	1413.389282
39.000000	1388.703369
40.000000	1381.279785
41.000000	1415.366577
42.000000	1416.560913
43.000000	1416.365723
44.000000	1399.060303
45.000000	1395.265869
46.000000	1404.629639
47.000000	1417.533691
48.000000	1393.776978
49.000000	1409.708496
50.000000	1391.278076
51.000000	1373.538818
52.000000	1413.968384
53.000000	1395.912964
54.000000	1405.966309
55.000000	1382.713745
56.000000	1407.363159
57.000000	1409.002197
58.000000	1410.519775
59.000000	1395.218994
60.000000	1399.265015
61.000000	1390.481567
62.000000	1417.716431
63.000000	1382.599854
64.000000	1400.398438
65.000000	1419.035278
66.000000	1402.713745
67.000000	1404.972900
68.000000	1407.467041
69.000000	1402.955688
70.000000	1378.729370
71.000000	1394.894043
72.000000	1392.069336
73.000000	1417.232910
74.000000	1411.412964
75.000000	1398.862183
76.000000	1392.205200
77.000000	1382.844360
78.000000	1407.126831
79.000000	1413.428955
80.000000	1399.819946
81.000000	1409.067871
82.000000	1386.892090
83.000000	1397.703979
84.000000	1407.626587
85.000000	1383.250977
86.000000	1406.302368
87.000000	1394.659302
88.000000	1396.195557
89.000000	1391.338013
90.000000	1391.469604
91.000000	1392.645996
92.000000	1409.212402
93.000000	1406.669556
94.000000	1400.653442
95.000000	1376.070923
96.000000	1415.697021
97.000000	1417.073364
98.000000	1384.703613
99.000000	1396.660645
100.000000	1375.978394
101.000000	1405.631714
102.000000	1412.274902
103.000000	1410.329712
104.000000	1394.724976
105.000000	1413.388672
106.000000	1389.261108
107.000000	1403.313354
108.000000	1397.990723
109.000000	1408.860474
110.000000	1403.971313
111.000000	1401.402344
112.000000	1375.266968
113.000000	1407.850952
114.000000	1383.698486
115.000000	1377.945801
116.000000	1411.304932
117.000000	1393.190674
118.000000	1410.237183
119.000000	1372.714111
120.000000	1424.711426
121.000000	1407.093262
122.000000	1388.466553
123.000000	1397.468506
124.000000	1414.249023
125.000000	1378.337891
126.000000	1383.968018
127.000000	1398.017456
128.000000	1416.077759
129.000000	1409.816528
130.000000	1402.007446
131.000000	1399.135254
132.000000	1415.265625
133.000000	1422.442139
134.000000	1394.964478
135.000000	1395.753418
136.000000	1408.280029
137.000000	1398.602783
138.000000	1386.564209
139.000000	1410.791382
140.000000	1379.621460
141.000000	1402.025513
142.000000	1390.805420
143.000000	1399.898804
144.000000	1399.808472
145.000000	1404.533203
146.000000	1393.861816
147.000000	1397.011963
148.000000	1388.560791
149.000000	1410.803589
150.000000	1421.685791
151.000000	1385.052612
152.000000	1415.862061
153.000000	1381.139282
154.000000	1371.843872
155.000000	1398.089844
156.000000	1403.869141
157.000000	1391.196899
158.000000	1393.853027
159.000000	1394.661865
160.000000	1426.293091
161.000000	1413.725586
162.000000	1382.991699
163.000000	1400.203735
164.000000	1385.759277
165.000000	1399.783447
166.000000	1392.174194
167.000000	1383.170532
168.000000	1392.753540
169.000000	1383.641846
170.000000	1384.060913
171.000000	1376.600708
172.000000	1384.559814
173.000000	1387.250366
174.000000	1364.559448
175.000000	1388.112061
176.000000	1396.081665
177.000000	1376.810669
178.000000	1372.954346
179.000000	1371.163940
180.000000	1366.771973
181.000000	1359.208130
182.000000	1387.577759
183.000000	1368.166016
184.000000	1351.841797
185.000000	1378.142212
186.000000	1363.479126
187.000000	1359.115601
188.000000	1340.643799
189.000000	1352.337891
190.000000	1335.750000
191.000000	1336.217773
192.000000	1345.310181
193.000000	1326.350342
194.000000	1350.449219
195.000000	1317.240234
196.000000	1294.548462
197.000000	1326.482666
198.000000	1305.930054
199.000000	1304.867676
200.000000	1327.786621
201.000000	1309.214844
202.000000	1301.106689
203.000000	1253.729858
204.000000	1269.756470
205.000000	1317.544922
206.000000	1282.945679
207.000000	1277.072754
208.000000	1268.967896
209.000000	1271.241333
210.000000	1273.032715
211.000000	1286.725220
212.000000	1272.700439
213.000000	1267.962769
214.000000	1262.886108
215.000000	1259.406982
216.000000	1267.930054
217.000000	1275.782349
218.000000	1263.215088
219.000000	1261.597900
220.000000	1243.756592
221.000000	1253.728027
222.000000	1267.510010
223.000000	1265.107422
224.000000	1240.403564
225.000000	1259.986938
226.000000	1263.182739
227.000000	1268.948975
228.000000	1269.847290
229.000000	1279.367188
230.000000	1270.151001
231.000000	1285.289917
232.000000	1269.514893
233.000000	1281.597168
234.000000	1284.789185
235.000000	1305.029541
236.000000	1287.324707
237.000000	1277.064941
238.000000	1284.799683
239.000000	1312.914185
240.000000	1296.501587
241.000000	1298.713013
242.000000	1308.907593
243.000000	1332.877075
244.000000	1312.516846
245.000000	1312.724365
246.000000	1327.767212
247.000000	1327.847656
248.000000	1333.515991
249.000000	1340.530151
250.000000	1352.328125
251.000000	1335.456299
252.000000	1326.193726
253.000000	1359.155518
254.000000	1355.571899
255.000000	1376.305420
256.000000	1354.662720
257.000000	1361.202148
258.000000	1379.739746
259.000000	1357.582520
260.000000	1382.653687
261.000000	1366.328491
262.000000	1369.611084
263.000000	1381.285156
264.000000	1370.498047
265.000000	1394.403931
266.000000	1349.962646
267.000000	1397.795410
268.000000	1367.921997
269.000000	1391.343262
270.000000	1366.820801
271.000000	1373.944214
272.000000	1365.550415
273.000000	1358.633911
274.000000	1384.457031
275.000000	1356.576782
276.000000	1352.452026
277.000000	1361.857056
278.000000	1358.166504
279.000000	1368.395142
280.000000	1355.676270
281.000000	1358.262085
282.000000	1344.464111
283.000000	1360.222046
284.000000	1374.512695
285.000000	1344.026611
286.000000	1347.246948
287.000000	1363.607422
288.000000	1332.167847
289.000000	1359.196777
290.000000	1336.222900
291.000000	1360.641724
292.000000	1336.825073
293.000000	1328.554199
294.000000	1310.007568
295.000000	1323.440918
296.000000	1309.992676
297.000000	1322.040283
298.000000	1330.502075
299.000000	1312.088013
300.000000	1311.259033
301.000000	1313.555298
302.000000	1307.219360
303.000000	1275.347168
304.000000	1282.067261
305.000000	1289.480225
306.000000	1306.684937
307.000000	1290.228271
308.000000	1282.988647
309.000000	1278.130127
310.000000	1291.475464
311.000000	1284.528198
312.000000	1268.732910
313.000000	1274.204712
314.000000	1259.498779
315.000000	1275.918213
316.000000	1277.772217
317.000000	1257.567383
318.000000	1242.832520
319.000000	1261.201294
320.000000	1277.379883
321.000000	1254.344360
322.000000	1280.375000
323.000000	1278.756470
324.000000	1278.668213
325.000000	1244.267700
326.000000	1273.598755
327.000000	1266.044434
328.000000	1283.447876
329.000000	1268.219360
330.000000	1271.956055
331.000000	1266.894165
332.000000	1278.886353
333.000000	1296.535278
334.000000	1277.217407
335.000000	1263.265625
336.000000	1287.607178
337.000000	1307.974609
338.000000	1309.253906
339.000000	1313.162231
340.000000	1326.390381
341.000000	1301.207764
342.000000	1322.478516
343.000000	1330.834839
344.000000	1311.595581
345.000000	1309.500366
346.000000	1327.355713
347.000000	1332.092407
348.000000	1334.042236
349.000000	1358.052246
350.000000	1329.964600
351.000000	1334.295288
352.000000	1337.435059
353.000000	1369.838745
354.000000	1334.530029
355.000000	1331.911499
356.000000	1349.397949
357.000000	1372.357422
358.000000	1365.795288
359.000000	1359.176758
360.000000	1379.209961
361.000000	1366.416626
362.000000	1369.003540
363.000000	1389.522827
364.000000	1363.488525
365.000000	1379.207031
366.000000	1395.205811
367.000000	1387.325195
368.000000	1391.147949
369.000000	1400.553711
370.000000	1396.385620
371.000000	1367.233643
372.000000	1403.301636
373.000000	1390.860107
374.000000	1389.749146
375.000000	1384.101807
376.000000	1399.660400
377.000000	1406.883667
378.000000	1402.483521
379.000000	1411.057739
380.000000	1376.189941
381.000000	1403.099609
382.000000	1408.636841
383.000000	1387.145508
384.000000	1419.819214
385.000000	1411.867188
386.000000	1392.104492
387.000000	1408.541626
388.000000	1412.531860
389.000000	1412.596802
390.000000	1393.186890
391.000000	1393.465332
392.000000	1382.569458
393.000000	1406.445801
394.000000	1386.368652
395.000000	1409.387939
396.000000	1398.950073
397.000000	1416.389404
398.000000	1387.027710
399.000000	1378.704956
400.000000	1394.558105
401.000000	1407.676270
402.000000	1386.688965
403.000000	1411.059814
404.000000	1395.908936
405.000000	1396.050171
406.000000	1403.488647
407.000000	1402.273804
408.000000	1410.431030
409.000000	1413.230591
410.000000	1395.430054
411.000000	1400.572388
412.000000	1397.114136
413.000000	1401.318115
414.000000	1387.370361
415.000000	1416.416626
416.000000	1394.967896
417.000000	1412.135986
418.000000	1408.476807
419.000000	1396.291016
420.000000	1407.509033
421.000000	1388.348511
422.000000	1390.159180
423.000000	1393.884155
424.000000	1420.006958
425.000000	1371.194946
426.000000	1398.843872
427.000000	1357.071655
428.000000	1404.433960
429.000000	1402.057373
430.000000	1411.421387
431.000000	1414.601685
432.000000	1413.014771
433.000000	1401.975830
434.000000	1408.353027
435.000000	1398.292358
436.000000	1397.666260
437.000000	1404.896118
438.000000	1414.925415
439.000000	1406.082275
440.000000	1392.599609
441.000000	1397.104248
442.000000	1411.055176
443.000000	1412.815674
444.000000	1389.668335
445.000000	1390.372925
446.000000	1397.315674
447.000000	1384.169922
448.000000	1378.161743
449.000000	1392.870728
450.000000	1384.929199
451.000000	1413.706177
452.000000	1407.830811
453.000000	1399.683105
454.000000	1392.261719
455.000000	1408.781006
456.000000	1414.148926
457.000000	1389.759521
458.000000	1413.264893
459.000000	1385.756714
460.000000	1403.316040
461.000000	1394.075073
462.000000	1391.131470
463.000000	1415.076294
464.000000	1390.630615
465.000000	1396.047729
466.000000	1413.331787
467.000000	1417.295776
468.000000	1409.788208
469.000000	1419.858887
470.000000	1410.899414
471.000000	1381.354492
472.000000	1391.895752
473.000000	1415.846069
474.000000	1409.482300
475.000000	1411.943848
476.000000	1397.140991
477.000000	1392.869995
478.000000	1398.446289
479.000000	1408.102539
480.000000	1418.746094
481.000000	1392.595459
482.000000	1398.408081
483.000000	1419.761963
484.000000	1399.906006
485.000000	1385.385132
486.000000	1389.299438
487.000000	1415.619141
488.000000	1397.587158
489.000000	1416.597168
490.000000	1383.483154
491.000000	1396.663086
492.000000	1393.205322
493.000000	1392.759766
494.000000	1386.832397
495.000000	1403.687744
496.000000	1409.602417
497.000000	1414.171143
498.000000	1398.360840
499.000000	1390.804688
500.000000	1431.237305
501.000000	1393.551147
502.000000	1411.936401
503.000000	1395.932495
504.000000	1391.777954
505.000000	1378.126465
506.000000	1404.624878
507.000000	1379.770874
508.000000	1399.472656
509.000000	1416.376709
510.000000	1402.978149
511.000000	1377.876831
512.000000	1393.950073
513.000000	1400.223022
514.000000	1407.909546
515.000000	1383.932861
516.000000	1409.187622
517.000000	1413.213257
518.000000	1384.232300
519.000000	1403.409424
520.000000	1408.840210
521.000000	1390.615967
522.000000	1385.266113
523.000000	1399.668335
524.000000	1406.736328
525.000000	1388.859253
526.000000	1417.778809
527.000000	1393.742432
528.000000	1404.109009
529.000000	1391.849976
530.000000	1412.584595
531.000000	1412.120117
532.000000	1391.539429
533.000000	1401.683716
534.000000	1411.833984
535.000000	1385.253418
536.000000	1410.211670
537.000000	1412.329834
538.000000	1394.670288
539.000000	1365.521240
540.000000	1412.235107
541.000000	1404.196167
542.000000	1388.323120
543.000000	1395.659180
544.000000	1385.917480
545.000000	1413.789795
546.000000	1385.339233
547.000000	1397.531372
548.000000	1415.867188
549.000000	1413.917725
550.000000	1374.612793
551.000000	1390.594727
552.000000	1413.024780
553.000000	1422.931152
554.000000	1414.727173
555.000000	1418.114136
556.000000	1388.529785
557.000000	1391.480713
558.000000	1395.791260
559.000000	1405.721558
560.000000	1370.960327
561.000000	1415.142822
562.000000	1394.821045
563.000000	1387.451660
564.000000	1412.677246
565.000000	1410.684937
566.000000	1415.152100
567.000000	1384.496338
568.000000	1397.886230
569.000000	1417.744019
570.000000	1407.636108
571.000000	1392.647217
572.000000	1394.281616
573.000000	1386.659790
574.000000	1406.300903
575.000000	1389.771973
576.000000	1404.856201
577.000000	1411.542725
578.000000	1397.172607
579.000000	1385.974854
580.000000	1390.512573
581.000000	1410.704346
582.000000	1392.891479
583.000000	1410.517944
584.000000	1413.794312
585.000000	1410.246216
586.000000	1390.942139
587.000000	1419.878662
588.000000	1385.248291
589.000000	1411.939087
590.000000	1383.142456
591.000000	1379.362061
592.000000	1410.376221
593.000000	1395.578735
594.000000	1396.349365
595.000000	1413.626587
596.000000	1407.028320
597.000000	1405.449219
598.000000	1411.122437
599.000000	1398.182251
600.000000	1390.608154
601.000000	1417.576538
602.000000	1378.832642
603.000000	1401.463257
604.000000	1391.603516
605.000000	1404.505127
606.000000	1404.937988
607.000000	1393.961182
608.000000	1406.712402
609.000000	1387.647095
610.000000	1397.974731
611.000000	1399.200806
612.000000	1386.165894
613.000000	1399.592407
614.000000	1405.204956
615.000000	1407.432373
616.000000	1373.150879
617.000000	1416.761719
618.000000	1382.856079
619.000000	1395.195435
620.000000	1411.950684
621.000000	1374.564087
622.000000	1409.961792
623.000000	1413.163574
624.000000	1384.287476
625.000000	1410.763062
626.000000	1398.050171
627.000000	1386.312744
628.000000	1399.821533
629.000000	1392.503052
630.000000	1399.461304
631.000000	1404.969360
632.000000	1408.903809
633.000000	1381.850586
634.000000	1400.933472
635.000000	1375.411987
636.000000	1403.463257
637.000000	1375.638672
638.000000	1413.157837
639.000000	1396.492065
640.000000	1372.365234
641.000000	1392.036377
642.000000	1387.799316
643.000000	1407.212036
644.000000	1375.916016
645.000000	1421.644409
646.000000	1402.271606
647.000000	1385.346436
648.000000	1393.529297
649.000000	1401.523438
650.000000	1418.931519
651.000000	1404.893677
652.000000	1403.679810
653.000000	1415.069092
654.000000	1416.131592
655.000000	1393.445190
656.000000	1415.325195
657.000000	1401.388916
658.000000	1387.404175
659.000000	1404.166260
660.000000	1379.362305
661.000000	1400.920044
662.000000	1404.616943
663.000000	1401.954224
664.000000	1407.500854
665.000000	1411.333862
666.000000	1381.865967
667.000000	1403.716553
668.000000	1397.897583
669.000000	1407.215576
670.000000	1376.586060
671.000000	1390.199707
672.000000	1366.835205
673.000000	1397.742188
674.000000	1382.360352
675.000000	1369.398682
676.000000	1382.169189
677.000000	1394.193604
678.000000	1356.963257
679.000000	1374.701538
680.000000	1369.719238
681.000000	1360.855103
682.000000	1365.062622
683.000000	1369.010986
684.000000	1347.479492
685.000000	1378.031982
686.000000	1369.066650
687.000000	1360.165527
688.000000	1352.099854
689.000000	1357.439453
690.000000	1327.463623
691.000000	1327.665527
692.000000	1328.092773
693.000000	1344.471191
694.000000	1327.728882
695.000000	1307.290894
696.000000	1316.525024
697.000000	1335.959473
698.000000	1308.750488
699.000000	1301.700928
700.000000	1302.940430
701.000000	1301.329224
702.000000	1316.052490
703.000000	1310.213257
704.000000	1291.015503
705.000000	1275.751465
706.000000	1276.590088
707.000000	1259.506958
708.000000	1296.364990
709.000000	1285.352905
710.000000	1270.505615
711.000000	1283.380493
712.000000	1281.056152
713.000000	1268.234741
714.000000	1277.860352
715.000000	1240.432983
716.000000	1276.878906
717.000000	1253.199585
718.000000	1269.226440
719.000000	1259.865234
720.000000	1253.388794
721.000000	1274.610107
722.000000	1267.398682
723.000000	1281.827637
724.000000	1257.029663
725.000000	1267.780273
726.000000	1256.480347
727.000000	1272.410400
728.000000	1283.954224
729.000000	1265.231567
730.000000	1282.593750
731.000000	1277.334961
732.000000	1281.274658
733.000000	1279.531494
734.000000	1280.328735
735.000000	1299.801270
736.000000	1278.812622
737.000000	1297.131714
738.000000	1294.269287
739.000000	1306.665771
740.000000	1326.123047
741.000000	1319.733643
742.000000	1297.510376
743.000000	1312.022583
744.000000	1307.231323
745.000000	1295.666260
746.000000	1343.181519
747.000000	1332.264771
748.000000	1353.815186
749.000000	1322.406250
750.000000	1349.704102
751.000000	1362.502197
752.000000	1354.095581
753.000000	1342.439453
754.000000	1341.483154
755.000000	1355.184204
756.000000	1362.842651
757.000000	1359.084961
758.000000	1361.441162
759.000000	1379.930176
760.000000	1344.452637
761.000000	1370.342773
762.000000	1365.331665
763.000000	1364.537476
764.000000	1388.983276
765.000000	1390.928345
766.000000	1374.613403
767.000000	1379.165405
768.000000	1375.811035
769.000000	1375.443848
770.000000	1383.616455
771.000000	1394.513428
772.000000	1368.851074
773.000000	1378.636597
774.000000	1363.856934
775.000000	1389.361694
776.000000	1385.594971
777.000000	1388.847412
778.000000	1383.920044
779.000000	1380.898315
780.000000	1362.057739
781.000000	1356.792358
782.000000	1359.432861
783.000000	1372.230225
784.000000	1370.586548
785.000000	1345.949341
786.000000	1355.672607
787.000000	1353.602295
788.000000	1361.198364
789.000000	1361.787109
790.000000	1336.085205
791.000000	1355.603027
792.000000	1342.654053
793.000000	1340.947266
794.000000	1332.620361
795.000000	1315.183350
796.000000	1324.412598
797.000000	1333.063354
798.000000	1294.853882
799.000000	1303.643799
800.000000	1293.849487
801.000000	1298.027832
802.000000	1290.659912
803.000000	1300.909302
804.000000	1278.383911
805.000000	1307.985474
806.000000	1283.153687
807.000000	1287.577148
808.000000	1294.333130
809.000000	1271.390625
810.000000	1253.291748
811.000000	1282.338135
812.000000	1273.547119
813.000000	1278.727295
814.000000	1273.710083
815.000000	1281.491333
816.000000	1281.104004
817.000000	1276.856445
818.000000	1271.623169
819.000000	1255.506592
820.000000	1270.600220
821.000000	1260.790283
822.000000	1245.133301
823.000000	1267.097656
824.000000	1257.583008
825.000000	1259.151611
826.000000	1254.958008
827.000000	1281.649048
828.000000	1254.272461
829.000000	1274.568115
830.000000	1273.212280
831.000000	1274.912598
832.000000	1275.042725
833.000000	1293.588623
834.000000	1275.094727
835.000000	1274.015625
836.000000	1290.916016
837.000000	1292.744141
838.000000	1293.262817
839.000000	1296.891235
840.000000	1301.591309
841.000000	1303.660645
842.000000	1325.818115
843.000000	1326.712280
844.000000	1322.247559
845.000000	1330.100586
846.000000	1329.760986
847.000000	1318.797363
848.000000	1336.903442
849.000000	1346.385498
850.000000	1358.153687
851.000000	1341.661011
852.000000	1348.754028
853.000000	1356.787109
854.000000	1371.777710
855.000000	1339.574585
856.000000	1357.055908
857.000000	1367.614502
858.000000	1380.261963
859.000000	1378.017334
860.000000	1375.835205
861.000000	1380.691895
862.000000	1365.771851
863.000000	1370.411011
864.000000	1388.830078
865.000000	1357.666992
866.000000	1381.223755
867.000000	1387.519287
868.000000	1387.951904
869.000000	1387.192383
870.000000	1368.282471
871.000000	1391.675903
872.000000	1394.359009
873.000000	1382.765991
874.000000	1393.680786
875.000000	1367.873901
876.000000	1401.182617
877.000000	1390.715332
878.000000	1403.093018
879.000000	1393.383911
880.000000	1399.000000
881.000000	1415.990234
882.000000	1391.459595
883.000000	1407.497437
884.000000	1390.179932
885.000000	1377.317871
886.000000	1397.908813
887.000000	1391.263306
888.000000	1418.083984
889.000000	1380.383789
890.000000	1391.210327
891.000000	1406.735840
892.000000	1415.956543
893.000000	1407.461914
894.000000	1395.693848
895.000000	1394.447021
896.000000	1417.576782
897.000000	1404.074097
898.000000	1401.597900
899.000000	1403.368530
900.000000	1390.650024
901.000000	1391.245117
902.000000	1414.000732
903.000000	1378.191284
904.000000	1393.466187
905.000000	1391.414673
906.000000	1392.249390
907.000000	1410.508789
908.000000	1410.527588
909.000000	1380.896606
910.000000	1372.199097
911.000000	1398.652710
912.000000	1407.214478
913.000000	1390.357666
914.000000	1402.375488
915.000000	1390.474365
916.000000	1397.657959
917.000000	1409.052490
918.000000	1408.922974
919.000000	1392.772583
920.000000	1422.175659
921.000000	1421.140747
922.000000	1406.215088
923.000000	1398.483276
924.000000	1414.494019
925.000000	1394.936401
926.000000	1392.436768
927.000000	1387.732422
928.000000	1392.534180
929.000000	1401.700684
930.000000	1415.279419
931.000000	1379.479736
932.000000	1417.909546
933.000000	1424.296509
934.000000	1394.033569
935.000000	1393.126953
936.000000	1388.146362
937.000000	1396.223511
938.000000	1416.902222
939.000000	1385.152954
940.000000	1389.397217
941.000000	1402.356079
942.000000	1397.232544
943.000000	1401.890503
944.000000	1405.790771
945.000000	1412.773315
946.000000	1418.687378
947.000000	1403.731445
948.000000	1415.893677
949.000000	1400.122192
950.000000	1370.096313
951.000000	1420.699707
952.000000	1400.582275
953.000000	1389.900024
954.000000	1413.391113
955.000000	1396.315674
956.000000	1402.040649
957.000000	1390.635376
958.000000	1408.061768
959.000000	1436.053345
960.000000	1388.131836
961.000000	1393.607544
962.000000	1410.113525
963.000000	1390.659546
964.000000	1412.497803
965.000000	1413.647339
966.000000	1387.456909
967.000000	1405.649780
968.000000	1413.567627
969.000000	1400.004395
970.000000	1414.541016
971.000000	1413.226562
972.000000	1410.661255
973.000000	1388.942017
974.000000	1397.098755
975.000000	1407.986084
976.000000	1404.642578
977.000000	1398.084473
978.000000	1383.454224
979.000000	1395.229004
980.000000	1388.448486
981.000000	1383.981201
982.000000	1399.291626
983.000000	1391.638306
984.000000	1381.009155
985.000000	1387.737305
986.000000	1400.182617
987.000000	1402.915527
988.000000	1411.524170
989.000000	1411.709595
990.000000	1402.468872
991.000000	1418.079468
992.000000	1408.683105
993.000000	1375.619995
994.000000	1415.746338
995.000000	1409.510010
996.000000	1413.920166
997.000000	1400.528320
998.000000	1412.723267
999.000000	1379.585083
