-0.500000	1430.177246
-0.499000	1460.319336
-0.498000	1459.747070
-0.497000	1413.690430
-0.496000	1421.928711
-0.495000	1450.063843
-0.494000	1478.257202
-0.493000	1448.630249
-0.492000	1445.866577
-0.491000	1483.678955
-0.490000	1443.508423
-0.489000	1459.977539
-0.488000	1471.418701
-0.487000	1457.512939
-0.486000	1482.843628
-0.485000	1432.062012
-0.484000	1441.769043
-0.483000	1462.399048
-0.482000	1447.281128
-0.481000	1461.463745
-0.480000	1492.193481
-0.479000	1456.115845
-0.478000	1446.975708
-0.477000	1452.528320
-0.476000	1448.512085
-0.475000	1451.303345
-0.474000	1440.363525
-0.473000	1474.332764
-0.472000	1402.247437
-0.471000	1429.444214
-0.470000	1457.800659
-0.469000	1442.116089
-0.468000	1451.062500
-0.467000	1407.876709
-0.466000	1454.745972
-0.465000	1412.932739
-0.464000	1398.005127
-0.463000	1439.245972
-0.462000	1412.364380
-0.461000	1476.256836
-0.460000	1465.353394
-0.459000	1432.985352
-0.458000	1444.796265
-0.457000	1462.716309
-0.456000	1462.914307
-0.455000	1489.424438
-0.454000	1426.872925
-0.453000	1447.540527
-0.452000	1464.463867
-0.451000	1437.538208
-0.450000	1467.496094
-0.449000	1446.633179
-0.448000	1450.170898
-0.447000	1416.231201
-0.446000	1472.152954
-0.445000	1459.474609
-0.444000	1466.633057
-0.443000	1453.646484
-0.442000	1428.998291
-0.441000	1478.629761
-0.440000	1432.300171
-0.439000	1432.115112
-0.438000	1454.403076
-0.437000	1434.788940
-0.436000	1416.860229
-0.435000	1500.710938
-0.434000	1406.905273
-0.433000	1422.179443
-0.432000	1445.006470
-0.431000	1400.365967
-0.430000	1437.523438
-0.429000	1450.387451
-0.428000	1447.517212
-0.427000	1455.879639
-0.426000	1444.502808
-0.425000	1454.307495
-0.424000	1457.092529
-0.423000	1390.425659
-0.422000	1442.668945
-0.421000	1440.699219
-0.420000	1466.971680
-0.419000	1420.713257
-0.418000	1438.084473
-0.417000	1423.829224
-0.416000	1444.378906
-0.415000	1457.971436
-0.414000	1457.220093
-0.413000	1425.783813
-0.412000	1418.998901
-0.411000	1474.420532
-0.410000	1433.130005
-0.409000	1489.729126
-0.408000	1431.347290
-0.407000	1447.661499
-0.406000	1443.218872
-0.405000	1429.144775
-0.404000	1479.723999
-0.403000	1410.412720
-0.402000	1527.861816
-0.401000	1495.111572
-0.400000	1492.579468
-0.399000	1425.285645
-0.398000	1430.991821
-0.397000	1443.691895
-0.396000	1443.648560
-0.395000	1435.742432
-0.394000	1437.762329
-0.393000	1449.676025
-0.392000	1431.730103
-0.391000	1441.435425
-0.390000	1457.815674
-0.389000	1437.852173
-0.388000	1520.782349
-0.387000	1452.497803
-0.386000	1435.126343
-0.385000	1444.322998
-0.384000	1397.928711
-0.383000	1472.703247
-0.382000	1432.543335
-0.381000	1414.554688
-0.380000	1401.414673
-0.379000	1463.123779
-0.378000	1408.293335
-0.377000	1392.215942
-0.376000	1431.821289
-0.375000	1465.712036
-0.374000	1434.537476
-0.373000	1463.043701
-0.372000	1456.858887
-0.371000	1469.950684
-0.370000	1473.390991
-0.369000	1456.817505
-0.368000	1434.408813
-0.367000	1523.383179
-0.366000	1451.898926
-0.365000	1494.549438
-0.364000	1427.774658
-0.363000	1423.619629
-0.362000	1433.708618
-0.361000	1457.119141
-0.360000	1425.937256
-0.359000	1423.122070
-0.358000	1463.074219
-0.357000	1464.582886
-0.356000	1474.533203
-0.355000	1415.700684
-0.354000	1465.924927
-0.353000	1475.086426
-0.352000	1434.786499
-0.351000	1452.557373
-0.350000	1487.799683
-0.349000	1420.323486
-0.348000	1425.241333
-0.347000	1436.411377
-0.346000	1481.504883
-0.345000	1497.941528
-0.344000	1453.958496
-0.343000	1463.778687
-0.342000	1414.817505
-0.341000	1435.894653
-0.340000	1466.799683
-0.339000	1509.494141
-0.338000	1408.784790
-0.337000	1444.843872
-0.336000	1451.194458
-0.335000	1480.892456
-0.334000	1412.068848
-0.333000	1456.993896
-0.332000	1439.797974
-0.331000	1439.402832
-0.330000	1462.998901
-0.329000	1457.535767
-0.328000	1435.742188
-0.327000	1452.492188
-0.326000	1460.837158
-0.325000	1464.496460
-0.324000	1444.131958
-0.323000	1438.804932
-0.322000	1433.378296
-0.321000	1396.196899
-0.320000	1426.748291
-0.319000	1409.802612
-0.318000	1370.482788
-0.317000	1419.923950
-0.316000	1425.166260
-0.315000	1402.466187
-0.314000	1390.342163
-0.313000	1388.882202
-0.312000	1375.226685
-0.311000	1389.214966
-0.310000	1435.013184
-0.309000	1380.139038
-0.308000	1413.932495
-0.307000	1361.086426
-0.306000	1340.020630
-0.305000	1345.619019
-0.304000	1434.430420
-0.303000	1382.734253
-0.302000	1398.758423
-0.301000	1338.384644
-0.300000	1331.381714
-0.299000	1329.809570
-0.298000	1345.419922
-0.297000	1364.557617
-0.296000	1352.492676
-0.295000	1381.298828
-0.294000	1297.305786
-0.293000	1314.059082
-0.292000	1320.427368
-0.291000	1329.899780
-0.290000	1293.332397
-0.289000	1329.222412
-0.288000	1329.458496
-0.287000	1287.730957
-0.286000	1274.574707
-0.285000	1275.686890
-0.284000	1337.577759
-0.283000	1261.219116
-0.282000	1293.617065
-0.281000	1280.701904
-0.280000	1355.534180
-0.279000	1315.879272
-0.278000	1325.889771
-0.277000	1282.369995
-0.276000	1270.398682
-0.275000	1313.034424
-0.274000	1288.347778
-0.273000	1325.208252
-0.272000	1312.077148
-0.271000	1323.941650
-0.270000	1365.673340
-0.269000	1300.155273
-0.268000	1302.366089
-0.267000	1300.349976
-0.266000	1358.358154
-0.265000	1313.902466
-0.264000	1330.911011
-0.263000	1341.641113
-0.262000	1390.278809
-0.261000	1343.627686
-0.260000	1325.128296
-0.259000	1354.799194
-0.258000	1382.482300
-0.257000	1374.423218
-0.256000	1364.182983
-0.255000	1372.965454
-0.254000	1336.518188
-0.253000	1363.234253
-0.252000	1373.278931
-0.251000	1352.547852
-0.250000	1400.227051
-0.249000	1391.604614
-0.248000	1378.640503
-0.247000	1373.619751
-0.246000	1403.780518
-0.245000	1406.081421
-0.244000	1359.493408
-0.243000	1415.750000
-0.242000	1411.998169
-0.241000	1474.134521
-0.240000	1426.753174
-0.239000	1461.444946
-0.238000	1411.307495
-0.237000	1402.264160
-0.236000	1390.716187
-0.235000	1385.532471
-0.234000	1384.490967
-0.233000	1386.731323
-0.232000	1425.497192
-0.231000	1424.643799
-0.230000	1400.445068
-0.229000	1397.801392
-0.228000	1414.234985
-0.227000	1405.584961
-0.226000	1388.731689
-0.225000	1398.113037
-0.224000	1402.314331
-0.223000	1392.915527
-0.222000	1413.377319
-0.221000	1427.150024
-0.220000	1369.099487
-0.219000	1403.300903
-0.218000	1413.726562
-0.217000	1379.798706
-0.216000	1410.565430
-0.215000	1400.480835
-0.214000	1401.593628
-0.213000	1395.987183
-0.212000	1394.913696
-0.211000	1390.228394
-0.210000	1402.818481
-0.209000	1350.748535
-0.208000	1382.173462
-0.207000	1381.496338
-0.206000	1347.604248
-0.205000	1347.838501
-0.204000	1337.019775
-0.203000	1401.588867
-0.202000	1380.168701
-0.201000	1336.570068
-0.200000	1371.494019
-0.199000	1366.477051
-0.198000	1335.565674
-0.197000	1315.489380
-0.196000	1301.751221
-0.195000	1330.753296
-0.194000	1354.245605
-0.193000	1326.177368
-0.192000	1308.029053
-0.191000	1349.322876
-0.190000	1283.238770
-0.189000	1326.519653
-0.188000	1299.021240
-0.187000	1316.095459
-0.186000	1311.994141
-0.185000	1318.896484
-0.184000	1281.440674
-0.183000	1283.591675
-0.182000	1292.390137
-0.181000	1264.660156
-0.180000	1325.828003
-0.179000	1271.650635
-0.178000	1324.540283
-0.177000	1285.717773
-0.176000	1315.761108
-0.175000	1248.812866
-0.174000	1286.303101
-0.173000	1328.794067
-0.172000	1327.727905
-0.171000	1275.096924
-0.170000	1303.048096
-0.169000	1299.454468
-0.168000	1289.550537
-0.167000	1351.776611
-0.166000	1288.270020
-0.165000	1287.123169
-0.164000	1308.678223
-0.163000	1333.785400
-0.162000	1348.415161
-0.161000	1313.001343
-0.160000	1364.779175
-0.159000	1384.038086
-0.158000	1320.218628
-0.157000	1424.387085
-0.156000	1385.357910
-0.155000	1331.078003
-0.154000	1347.966919
-0.153000	1334.644775
-0.152000	1406.817871
-0.151000	1362.959106
-0.150000	1407.173584
-0.149000	1404.645630
-0.148000	1367.767212
-0.147000	1383.398560
-0.146000	1383.482056
-0.145000	1428.574951
-0.144000	1413.538452
-0.143000	1401.171631
-0.142000	1390.750244
-0.141000	1399.382202
-0.140000	1401.112549
-0.139000	1389.074097
-0.138000	1416.685547
-0.137000	1409.447754
-0.136000	1430.856812
-0.135000	1430.248047
-0.134000	1417.074951
-0.133000	1419.218628
-0.132000	1419.409546
-0.131000	1463.126099
-0.130000	1415.543213
-0.129000	1489.497070
-0.128000	1448.293335
-0.127000	1386.345093
-0.126000	1451.787598
-0.125000	1430.074463
-0.124000	1456.503906
-0.123000	1416.895630
-0.122000	1452.995239
-0.121000	1461.494751
-0.120000	1410.693604
-0.119000	1462.031982
-0.118000	1437.515869
-0.117000	1417.211426
-0.116000	1466.948486
-0.115000	1406.981689
-0.114000	1443.572266
-0.113000	1409.644043
-0.112000	1416.136963
-0.111000	1448.785522
-0.110000	1411.125977
-0.109000	1467.880249
-0.108000	1487.094849
-0.107000	1416.320312
-0.106000	1435.062988
-0.105000	1425.169556
-0.104000	1409.117920
-0.103000	1436.035889
-0.102000	1441.657471
-0.101000	1484.666504
-0.100000	1447.604248
-0.099000	1426.898560
-0.098000	1465.817505
-0.097000	1407.185791
-0.096000	1422.061401
-0.095000	1410.383301
-0.094000	1395.218140
-0.093000	1433.747070
-0.092000	1434.707275
-0.091000	1410.594116
-0.090000	1428.051025
-0.089000	1411.361572
-0.088000	1412.150879
-0.087000	1476.816650
-0.086000	1438.748901
-0.085000	1464.158569
-0.084000	1448.513916
-0.083000	1409.856323
-0.082000	1420.661377
-0.081000	1464.580811
-0.080000	1466.476440
-0.079000	1472.411865
-0.078000	1442.762817
-0.077000	1483.107422
-0.076000	1429.511108
-0.075000	1446.612671
-0.074000	1486.874268
-0.073000	1442.386353
-0.072000	1449.319214
-0.071000	1415.737183
-0.070000	1399.547485
-0.069000	1447.281006
-0.068000	1452.553223
-0.067000	1467.880371
-0.066000	1498.226318
-0.065000	1416.051880
-0.064000	1442.416870
-0.063000	1407.742920
-0.062000	1441.182617
-0.061000	1426.474243
-0.060000	1407.381714
-0.059000	1459.745483
-0.058000	1436.269531
-0.057000	1420.702759
-0.056000	1460.970093
-0.055000	1455.362793
-0.054000	1403.043579
-0.053000	1472.398193
-0.052000	1388.307739
-0.051000	1466.465698
-0.050000	1479.846191
-0.049000	1419.179443
-0.048000	1444.272461
-0.047000	1421.779663
-0.046000	1424.705444
-0.045000	1457.664673
-0.044000	1490.216309
-0.043000	1410.569458
-0.042000	1429.330688
-0.041000	1450.996338
-0.040000	1458.104370
-0.039000	1454.414429
-0.038000	1447.235474
-0.037000	1417.203613
-0.036000	1416.975586
-0.035000	1410.154053
-0.034000	1471.193237
-0.033000	1465.348755
-0.032000	1424.028687
-0.031000	1404.532959
-0.030000	1414.406860
-0.029000	1429.488281
-0.028000	1413.250732
-0.027000	1429.400391
-0.026000	1399.379028
-0.025000	1461.421387
-0.024000	1507.165527
-0.023000	1436.158569
-0.022000	1437.721069
-0.021000	1440.166748
-0.020000	1417.385254
-0.019000	1444.222412
-0.018000	1460.717041
-0.017000	1413.734619
-0.016000	1471.265015
-0.015000	1400.129517
-0.014000	1428.746460
-0.013000	1459.312134
-0.012000	1460.451660
-0.011000	1427.452881
-0.010000	1423.136475
-0.009000	1452.816284
-0.008000	1427.545288
-0.007000	1436.692017
-0.006000	1451.314453
-0.005000	1446.368652
-0.004000	1444.906250
-0.003000	1526.921021
-0.002000	1446.387695
-0.001000	1437.356812
0.000000	1475.035034
0.001000	1476.468872
0.002000	1476.685669
0.003000	1415.612549
0.004000	1418.239014
0.005000	1455.282715
0.006000	1479.509277
0.007000	1423.178589
0.008000	1433.510620
0.009000	1419.207031
0.010000	1437.847656
0.011000	1483.667969
0.012000	1437.173828
0.013000	1475.021973
0.014000	1469.928711
0.015000	1493.402222
0.016000	1430.750854
0.017000	1429.325439
0.018000	1464.508179
0.019000	1477.560303
0.020000	1475.997192
0.021000	1428.226562
0.022000	1386.585205
0.023000	1459.593628
0.024000	1430.666870
0.025000	1446.251343
0.026000	1450.818237
0.027000	1469.891968
0.028000	1441.316040
0.029000	1433.869019
0.030000	1462.196655
0.031000	1401.536743
0.032000	1453.523926
0.033000	1414.716064
0.034000	1422.394897
0.035000	1462.712036
0.036000	1426.981201
0.037000	1470.089966
0.038000	1467.874878
0.039000	1437.641357
0.040000	1453.192627
0.041000	1455.424561
0.042000	1416.460571
0.043000	1456.630005
0.044000	1431.839478
0.045000	1453.671997
0.046000	1466.259888
0.047000	1416.172363
0.048000	1404.851440
0.049000	1470.557373
0.050000	1492.359497
0.051000	1443.866333
0.052000	1472.684937
0.053000	1472.004883
0.054000	1427.296387
0.055000	1449.850220
0.056000	1408.939941
0.057000	1466.394043
0.058000	1423.068481
0.059000	1472.826050
0.060000	1520.357300
0.061000	1500.845947
0.062000	1454.227783
0.063000	1427.179810
0.064000	1462.463989
0.065000	1472.826782
0.066000	1450.191528
0.067000	1449.811035
0.068000	1399.472900
0.069000	1432.810303
0.070000	1423.316895
0.071000	1458.007324
0.072000	1407.336548
0.073000	1400.579956
0.074000	1497.143188
0.075000	1470.843872
0.076000	1449.272705
0.077000	1463.820557
0.078000	1433.030884
0.079000	1444.699097
0.080000	1476.988159
0.081000	1440.308105
0.082000	1481.112305
0.083000	1404.949585
0.084000	1443.890747
0.085000	1471.786377
0.086000	1446.156006
0.087000	1430.738159
0.088000	1433.952637
0.089000	1416.490479
0.090000	1411.088745
0.091000	1454.821533
0.092000	1415.626831
0.093000	1459.558960
0.094000	1424.658936
0.095000	1493.577881
0.096000	1457.503418
0.097000	1475.694702
0.098000	1461.643555
0.099000	1449.966553
0.100000	1403.073364
0.101000	1446.275391
0.102000	1478.844849
0.103000	1419.020386
0.104000	1417.781250
0.105000	1475.158325
0.106000	1489.819458
0.107000	1448.495361
0.108000	1427.873901
0.109000	1471.318481
0.110000	1452.367188
0.111000	1456.101562
0.112000	1426.060181
0.113000	1473.651367
0.114000	1408.327515
0.115000	1467.822632
0.116000	1503.125854
0.117000	1425.159302
0.118000	1477.359131
0.119000	1457.595825
0.120000	1466.476685
0.121000	1405.016724
0.122000	1442.341919
0.123000	1462.599243
0.124000	1417.112671
0.125000	1423.341064
0.126000	1427.443359
0.127000	1427.741333
0.128000	1434.874512
0.129000	1437.857910
0.130000	1477.207397
0.131000	1416.104004
0.132000	1428.735718
0.133000	1480.944946
0.134000	1441.644531
0.135000	1487.090576
0.136000	1422.271973
0.137000	1524.288940
0.138000	1469.224243
0.139000	1477.208618
0.140000	1493.079712
0.141000	1465.707764
0.142000	1496.178833
0.143000	1464.519409
0.144000	1409.188232
0.145000	1408.386841
0.146000	1409.801270
0.147000	1458.694702
0.148000	1423.693848
0.149000	1440.262939
0.150000	1430.292847
0.151000	1426.384033
0.152000	1416.323486
0.153000	1422.353516
0.154000	1441.240967
0.155000	1463.329102
0.156000	1468.353516
0.157000	1449.500000
0.158000	1425.061035
0.159000	1416.755249
0.160000	1442.173218
0.161000	1439.847900
0.162000	1445.277832
0.163000	1435.159668
0.164000	1444.833496
0.165000	1434.560913
0.166000	1410.951050
0.167000	1440.410645
0.168000	1455.039429
0.169000	1463.541992
0.170000	1422.080811
0.171000	1385.429443
0.172000	1456.798950
0.173000	1455.510864
0.174000	1398.177246
0.175000	1435.617188
0.176000	1416.458618
0.177000	1404.795898
0.178000	1390.869507
0.179000	1383.365112
0.180000	1449.228394
0.181000	1389.053589
0.182000	1407.017090
0.183000	1385.242798
0.184000	1399.819702
0.185000	1423.853271
0.186000	1384.208984
0.187000	1419.987183
0.188000	1398.410522
0.189000	1403.493042
0.190000	1383.848999
0.191000	1346.509644
0.192000	1386.490234
0.193000	1345.890869
0.194000	1376.003784
0.195000	1398.178223
0.196000	1384.309570
0.197000	1355.695068
0.198000	1367.110229
0.199000	1331.029053
0.200000	1397.784668
0.201000	1347.858154
0.202000	1323.779053
0.203000	1316.843018
0.204000	1330.338257
0.205000	1290.267822
0.206000	1342.232178
0.207000	1310.507446
0.208000	1352.866699
0.209000	1324.391113
0.210000	1341.597656
0.211000	1348.850098
0.212000	1289.087646
0.213000	1283.064575
0.214000	1315.490479
0.215000	1278.422607
0.216000	1301.836548
0.217000	1319.761230
0.218000	1273.862549
0.219000	1279.010498
0.220000	1303.248901
0.221000	1300.528564
0.222000	1292.723999
0.223000	1299.343628
0.224000	1307.681885
0.225000	1297.305786
0.226000	1360.845093
0.227000	1310.853638
0.228000	1282.463989
0.229000	1299.844116
0.230000	1329.052979
0.231000	1312.235596
0.232000	1299.993530
0.233000	1319.226562
0.234000	1302.992798
0.235000	1351.715332
0.236000	1311.752686
0.237000	1359.539917
0.238000	1324.763672
0.239000	1350.339111
0.240000	1385.968140
0.241000	1341.857178
0.242000	1317.871094
0.243000	1372.498413
0.244000	1379.813110
0.245000	1408.332031
0.246000	1392.458374
0.247000	1393.462280
0.248000	1373.472900
0.249000	1433.243774
0.250000	1401.133057
0.251000	1354.948975
0.252000	1370.516235
0.253000	1417.309326
0.254000	1371.080688
0.255000	1468.776001
0.256000	1387.332642
0.257000	1394.276245
0.258000	1427.489868
0.259000	1437.069824
0.260000	1407.343506
0.261000	1422.678223
0.262000	1403.789307
0.263000	1465.041504
0.264000	1434.572144
0.265000	1428.833984
0.266000	1403.768311
0.267000	1379.610107
0.268000	1398.199097
0.269000	1411.904907
0.270000	1420.167725
0.271000	1449.087646
0.272000	1384.124634
0.273000	1436.862305
0.274000	1446.002808
0.275000	1442.738281
0.276000	1400.104614
0.277000	1418.495728
0.278000	1395.011475
0.279000	1415.745117
0.280000	1376.525513
0.281000	1397.567261
0.282000	1406.893188
0.283000	1389.362793
0.284000	1429.058350
0.285000	1461.444458
0.286000	1411.814697
0.287000	1418.947632
0.288000	1382.687866
0.289000	1396.678467
0.290000	1421.065552
0.291000	1485.623901
0.292000	1346.057373
0.293000	1355.530762
0.294000	1367.801758
0.295000	1399.165771
0.296000	1379.275879
0.297000	1344.747437
0.298000	1353.491577
0.299000	1332.248047
0.300000	1382.831543
0.301000	1342.728394
0.302000	1334.378174
0.303000	1316.404663
0.304000	1344.586670
0.305000	1311.033691
0.306000	1322.210815
0.307000	1332.049438
0.308000	1301.157959
0.309000	1314.517090
0.310000	1348.104614
0.311000	1295.891357
0.312000	1368.753296
0.313000	1284.965332
0.314000	1325.373657
0.315000	1341.284668
0.316000	1325.186646
0.317000	1289.743774
0.318000	1313.975952
0.319000	1310.772583
0.320000	1317.812988
0.321000	1316.984375
0.322000	1342.755981
0.323000	1282.968262
0.324000	1316.234131
0.325000	1284.020020
0.326000	1378.175537
0.327000	1301.625488
0.328000	1334.615112
0.329000	1295.749268
0.330000	1281.117188
0.331000	1315.324951
0.332000	1292.819824
0.333000	1357.598267
0.334000	1346.966553
0.335000	1325.801392
0.336000	1345.442993
0.337000	1326.635376
0.338000	1326.122803
0.339000	1356.633301
0.340000	1367.995972
0.341000	1349.262695
0.342000	1326.127441
0.343000	1382.709595
0.344000	1367.021729
0.345000	1380.442383
0.346000	1390.814941
0.347000	1432.917114
0.348000	1396.975952
0.349000	1375.560791
0.350000	1409.319458
0.351000	1374.638062
0.352000	1366.264404
0.353000	1382.193726
0.354000	1422.356445
0.355000	1428.259277
0.356000	1428.014893
0.357000	1400.162964
0.358000	1440.916504
0.359000	1382.792358
0.360000	1364.713379
0.361000	1435.525635
0.362000	1432.541016
0.363000	1421.562866
0.364000	1404.576172
0.365000	1492.505981
0.366000	1454.661133
0.367000	1422.312378
0.368000	1439.102173
0.369000	1447.338745
0.370000	1446.182617
0.371000	1454.140747
0.372000	1459.089722
0.373000	1409.842163
0.374000	1406.747925
0.375000	1411.395020
0.376000	1455.554688
0.377000	1468.469238
0.378000	1431.138916
0.379000	1464.516968
0.380000	1418.039062
0.381000	1419.805420
0.382000	1454.866943
0.383000	1437.853149
0.384000	1451.631348
0.385000	1430.344727
0.386000	1420.107666
0.387000	1420.953735
0.388000	1415.935059
0.389000	1462.203857
0.390000	1412.933105
0.391000	1470.782959
0.392000	1431.142944
0.393000	1444.065796
0.394000	1484.248535
0.395000	1440.783325
0.396000	1540.443481
0.397000	1433.330200
0.398000	1407.316895
0.399000	1456.834717
0.400000	1478.533936
0.401000	1414.500977
0.402000	1440.127563
0.403000	1469.233887
0.404000	1455.857910
0.405000	1450.078857
0.406000	1442.015015
0.407000	1417.859497
0.408000	1463.251343
0.409000	1425.275635
0.410000	1453.505615
0.411000	1425.337036
0.412000	1490.899292
0.413000	1412.087524
0.414000	1438.181763
0.415000	1458.582886
0.416000	1419.111450
0.417000	1510.230713
0.418000	1430.305908
0.419000	1414.955566
0.420000	1456.665527
0.421000	1423.790405
0.422000	1431.248047
0.423000	1432.501343
0.424000	1461.632935
0.425000	1434.574341
0.426000	1423.429199
0.427000	1441.274292
0.428000	1452.031494
0.429000	1399.415039
0.430000	1473.853394
0.431000	1491.980103
0.432000	1460.816406
0.433000	1419.000244
0.434000	1453.518433
0.435000	1483.686890
0.436000	1455.688843
0.437000	1417.357178
0.438000	1508.851562
0.439000	1420.062866
0.440000	1497.627319
0.441000	1443.847412
0.442000	1419.806274
0.443000	1474.446167
0.444000	1441.040405
0.445000	1417.170776
0.446000	1427.724365
0.447000	1424.903687
0.448000	1470.110962
0.449000	1437.700928
0.450000	1476.532837
0.451000	1489.538940
0.452000	1486.214722
0.453000	1434.814819
0.454000	1463.174927
0.455000	1517.565796
0.456000	1407.499756
0.457000	1438.801636
0.458000	1402.245605
0.459000	1491.758301
0.460000	1503.543579
0.461000	1439.826294
0.462000	1406.945068
0.463000	1479.296997
0.464000	1434.909302
0.465000	1471.530151
0.466000	1475.344116
0.467000	1415.872437
0.468000	1443.083496
0.469000	1410.882324
0.470000	1436.559204
0.471000	1420.024780
0.472000	1494.721924
0.473000	1475.401489
0.474000	1439.499512
0.475000	1434.405518
0.476000	1429.266724
0.477000	1437.155518
0.478000	1463.565552
0.479000	1457.861328
0.480000	1427.167480
0.481000	1407.291748
0.482000	1419.555542
0.483000	1456.306396
0.484000	1421.317871
0.485000	1420.376831
0.486000	1462.862427
0.487000	1425.747070
0.488000	1443.884521
0.489000	1449.496460
0.490000	1425.949341
0.491000	1430.076904
0.492000	1463.830811
0.493000	1422.843994
0.494000	1491.686646
0.495000	1474.054077
0.496000	1407.727661
0.497000	1427.598389
0.498000	1457.860107
0.499000	1413.953857
