0	1462
1	1462
2	1462
3	1462
4	1462
5	1462
6	1462
7	1462
8	1462
9	1462
10	1462
11	1462
12	1462
13	1462
14	1462
15	1462
16	1462
17	1462
18	1462
19	1462
20	1462
21	1462
22	1462
23	1462
24	1462
25	1462
26	1462
27	1462
28	1462
29	1462
30	1462
31	1462
32	1462
33	1462
34	1462
35	1462
36	1462
37	1462
38	1462
39	1462
40	1462
41	1462
42	1462
43	1462
44	1462
45	1462
46	1462
47	1462
48	1462
49	1462
50	1462
51	1462
52	1462
53	1462
54	1462
55	1462
56	1462
57	1462
58	1462
59	1462
60	1462
61	1462
62	1462
63	1462
64	1462
65	1462
66	1462
67	1462
68	1462
69	1462
70	1462
71	1462
72	1462
73	1462
74	1462
75	1462
76	1462
77	1462
78	1462
79	1462
80	1462
81	1462
82	1462
83	1462
84	1462
85	1462
86	1462
87	1462
88	1462
89	1462
90	1462
91	1462
92	1462
93	1462
94	1462
95	1462
96	1462
97	1462
98	1462
99	1462
100	1462
101	1462
102	1462
103	1462
104	1462
105	1462
106	1462
107	1462
108	1462
109	1462
110	1462
111	1462
112	1462
113	1462
114	1462
115	1462
116	1462
117	1462
118	1462
119	1462
120	1462
121	1462
122	1462
123	1462
124	1462
125	1462
126	1462
127	1462
128	1462
129	1462
130	1462
131	1462
132	1462
133	1462
134	1462
135	1462
136	1462
137	1462
138	1462
139	1462
140	1462
141	1462
142	1462
143	1462
144	1462
145	1462
146	1462
147	1462
148	1462
149	1462
150	1462
151	1462
152	1462
153	1462
154	1462
155	1462
156	1462
157	1462
158	1462
159	1462
160	1462
161	1462
162	1462
163	1462
164	1462
165	1462
166	1462
167	1462
168	1462
169	1462
170	1462
171	1462
172	1462
173	1462
174	1460
175	1464
176	1444
177	1438
178	1433
179	1396
180	1426
181	1409
182	1370
183	1419
184	1425
185	1402
186	1390
187	1388
188	1375
189	1389
190	1435
191	1380
192	1413
193	1361
194	1340
195	1345
196	1434
197	1382
198	1398
199	1338
200	1331
201	1329
202	1345
203	1364
204	1352
205	1381
206	1297
207	1314
208	1320
209	1329
210	1293
211	1329
212	1329
213	1287
214	1274
215	1275
216	1337
217	1261
218	1293
219	1280
220	1355
221	1315
222	1325
223	1282
224	1270
225	1313
226	1288
227	1325
228	1312
229	1323
230	1365
231	1300
232	1302
233	1300
234	1358
235	1313
236	1330
237	1341
238	1390
239	1343
240	1325
241	1354
242	1382
243	1374
244	1364
245	1372
246	1336
247	1363
248	1373
249	1352
250	1400
251	1391
252	1378
253	1373
254	1403
255	1406
256	1359
257	1462
258	1462
259	1462
260	1462
261	1462
262	1462
263	1462
264	1462
265	1462
266	1462
267	1462
268	1462
269	1462
270	1462
271	1397
272	1414
273	1405
274	1388
275	1398
276	1402
277	1392
278	1413
279	1427
280	1369
281	1403
282	1413
283	1379
284	1410
285	1400
286	1401
287	1395
288	1394
289	1390
290	1402
291	1350
292	1382
293	1381
294	1347
295	1347
296	1337
297	1401
298	1380
299	1336
300	1371
301	1366
302	1335
303	1315
304	1301
305	1330
306	1354
307	1326
308	1308
309	1349
310	1283
311	1326
312	1299
313	1316
314	1311
315	1318
316	1281
317	1283
318	1292
319	1264
320	1325
321	1271
322	1324
323	1285
324	1315
325	1248
326	1286
327	1328
328	1327
329	1275
330	1303
331	1299
332	1289
333	1351
334	1288
335	1287
336	1308
337	1333
338	1348
339	1313
340	1364
341	1384
342	1320
343	1424
344	1385
345	1331
346	1347
347	1334
348	1462
349	1462
350	1462
351	1462
352	1462
353	1462
354	1462
355	1462
356	1462
357	1462
358	1462
359	1462
360	1462
361	1462
362	1462
363	1462
364	1462
365	1462
366	1462
367	1462
368	1462
369	1462
370	1462
371	1462
372	1462
373	1462
374	1462
375	1462
376	1462
377	1462
378	1462
379	1462
380	1462
381	1462
382	1462
383	1462
384	1462
385	1462
386	1462
387	1462
388	1462
389	1462
390	1462
391	1462
392	1462
393	1462
394	1462
395	1462
396	1462
397	1462
398	1462
399	1462
400	1462
401	1462
402	1462
403	1462
404	1462
405	1462
406	1462
407	1462
408	1462
409	1462
410	1462
411	1462
412	1462
413	1462
414	1462
415	1462
416	1462
417	1462
418	1462
419	1462
420	1462
421	1462
422	1462
423	1462
424	1462
425	1462
426	1462
427	1462
428	1462
429	1462
430	1462
431	1462
432	1462
433	1462
434	1462
435	1462
436	1462
437	1462
438	1462
439	1462
440	1462
441	1462
442	1462
443	1462
444	1462
445	1462
446	1462
447	1462
448	1462
449	1462
450	1462
451	1462
452	1462
453	1462
454	1462
455	1462
456	1462
457	1462
458	1462
459	1462
460	1462
461	1462
462	1462
463	1462
464	1462
465	1462
466	1462
467	1462
468	1462
469	1462
470	1462
471	1462
472	1462
473	1462
474	1462
475	1462
476	1462
477	1462
478	1462
479	1462
480	1462
481	1462
482	1462
483	1462
484	1462
485	1462
486	1462
487	1462
488	1462
489	1462
490	1462
491	1462
492	1462
493	1462
494	1462
495	1462
496	1462
497	1462
498	1462
499	1462
500	1462
501	1462
502	1462
503	1462
504	1462
505	1462
506	1462
507	1462
508	1462
509	1462
510	1462
511	1462
512	1462
513	1462
514	1462
515	1462
516	1462
517	1462
518	1462
519	1462
520	1462
521	1462
522	1462
523	1462
524	1462
525	1462
526	1462
527	1462
528	1462
529	1462
530	1462
531	1462
532	1462
533	1462
534	1462
535	1462
536	1462
537	1462
538	1462
539	1462
540	1462
541	1462
542	1462
543	1462
544	1462
545	1462
546	1462
547	1462
548	1462
549	1462
550	1462
551	1462
552	1462
553	1462
554	1462
555	1462
556	1462
557	1462
558	1462
559	1462
560	1462
561	1462
562	1462
563	1462
564	1462
565	1462
566	1462
567	1462
568	1462
569	1462
570	1462
571	1462
572	1462
573	1462
574	1462
575	1462
576	1462
577	1462
578	1462
579	1462
580	1462
581	1462
582	1462
583	1462
584	1462
585	1462
586	1462
587	1462
588	1462
589	1462
590	1462
591	1462
592	1462
593	1462
594	1462
595	1462
596	1462
597	1462
598	1462
599	1462
600	1462
601	1462
602	1462
603	1462
604	1462
605	1462
606	1462
607	1462
608	1462
609	1462
610	1462
611	1462
612	1462
613	1462
614	1462
615	1462
616	1462
617	1462
618	1462
619	1462
620	1462
621	1462
622	1462
623	1462
624	1462
625	1462
626	1462
627	1462
628	1462
629	1462
630	1462
631	1462
632	1462
633	1462
634	1462
635	1462
636	1462
637	1462
638	1462
639	1462
640	1462
641	1462
642	1462
643	1462
644	1462
645	1462
646	1462
647	1462
648	1462
649	1462
650	1462
651	1462
652	1462
653	1462
654	1462
655	1462
656	1462
657	1462
658	1462
659	1462
660	1462
661	1462
662	1462
663	1462
664	1462
665	1462
666	1462
667	1462
668	1462
669	1462
670	1462
671	1385
672	1456
673	1455
674	1398
675	1435
676	1416
677	1404
678	1390
679	1383
680	1449
681	1389
682	1407
683	1385
684	1399
685	1423
686	1384
687	1419
688	1398
689	1403
690	1383
691	1346
692	1386
693	1345
694	1376
695	1398
696	1384
697	1355
698	1367
699	1331
700	1397
701	1347
702	1323
703	1316
704	1330
705	1290
706	1342
707	1310
708	1352
709	1324
710	1341
711	1348
712	1289
713	1283
714	1315
715	1278
716	1301
717	1319
718	1273
719	1279
720	1303
721	1300
722	1292
723	1299
724	1307
725	1297
726	1360
727	1310
728	1282
729	1299
730	1329
731	1312
732	1299
733	1319
734	1302
735	1351
736	1311
737	1359
738	1324
739	1350
740	1385
741	1341
742	1317
743	1372
744	1379
745	1408
746	1392
747	1393
748	1373
749	1433
750	1401
751	1354
752	1462
753	1462
754	1462
755	1462
756	1462
757	1462
758	1462
759	1462
760	1462
761	1462
762	1462
763	1462
764	1462
765	1462
766	1462
767	1462
768	1462
769	1462
770	1462
771	1462
772	1384
773	1436
774	1446
775	1442
776	1400
777	1418
778	1395
779	1415
780	1376
781	1397
782	1406
783	1389
784	1429
785	1461
786	1411
787	1418
788	1382
789	1396
790	1421
791	1485
792	1346
793	1355
794	1367
795	1399
796	1379
797	1344
798	1353
799	1332
800	1382
801	1342
802	1334
803	1316
804	1344
805	1311
806	1322
807	1332
808	1301
809	1314
810	1348
811	1295
812	1368
813	1284
814	1325
815	1341
816	1325
817	1289
818	1313
819	1310
820	1317
821	1316
822	1342
823	1282
824	1316
825	1284
826	1378
827	1301
828	1334
829	1295
830	1281
831	1315
832	1292
833	1357
834	1346
835	1325
836	1345
837	1326
838	1326
839	1356
840	1367
841	1349
842	1326
843	1462
844	1462
845	1462
846	1462
847	1462
848	1462
849	1462
850	1462
851	1462
852	1462
853	1462
854	1462
855	1462
856	1462
857	1462
858	1462
859	1462
860	1462
861	1462
862	1462
863	1462
864	1462
865	1462
866	1462
867	1462
868	1462
869	1462
870	1462
871	1462
872	1462
873	1462
874	1462
875	1462
876	1462
877	1462
878	1462
879	1462
880	1462
881	1462
882	1462
883	1462
884	1462
885	1462
886	1462
887	1462
888	1462
889	1462
890	1462
891	1462
892	1462
893	1462
894	1462
895	1462
896	1462
897	1462
898	1462
899	1462
900	1462
901	1462
902	1462
903	1462
904	1462
905	1462
906	1462
907	1462
908	1462
909	1462
910	1462
911	1462
912	1462
913	1462
914	1462
915	1462
916	1462
917	1462
918	1462
919	1462
920	1462
921	1462
922	1462
923	1462
924	1462
925	1462
926	1462
927	1462
928	1462
929	1462
930	1462
931	1462
932	1462
933	1462
934	1462
935	1462
936	1462
937	1462
938	1462
939	1462
940	1462
941	1462
942	1462
943	1462
944	1462
945	1462
946	1462
947	1462
948	1462
949	1462
950	1462
951	1462
952	1462
953	1462
954	1462
955	1462
956	1462
957	1462
958	1462
959	1462
960	1462
961	1462
962	1462
963	1462
964	1462
965	1462
966	1462
967	1462
968	1462
969	1462
970	1462
971	1462
972	1462
973	1462
974	1462
975	1462
976	1462
977	1462
978	1462
979	1462
980	1462
981	1462
982	1462
983	1462
984	1462
985	1462
986	1462
987	1462
988	1462
989	1462
990	1462
991	1462
992	1462
993	1462
994	1462
995	1462
996	1462
997	1462
998	1462
999	1462
