0	1449.235840
1	1456.023682
2	1449.401611
3	1435.240723
4	1453.460571
5	1454.006592
6	1434.563721
7	1442.100464
8	1442.837280
9	1458.734131
10	1443.254395
11	1446.612671
12	1438.697266
13	1457.667236
14	1449.530640
15	1451.766968
16	1451.027344
17	1444.661377
18	1399.825439
19	1383.011963
20	1336.665283
21	1296.312256
22	1311.268066
23	1334.726440
24	1359.956177
25	1401.532959
26	1409.938232
27	1404.066772
28	1395.969482
29	1366.802734
30	1335.930664
31	1297.784790
32	1299.023193
33	1312.310181
34	1366.224854
35	1397.988403
36	1419.625366
37	1440.943115
38	1431.952148
39	1441.413330
40	1425.421631
41	1437.489990
42	1453.519897
43	1439.935791
44	1437.064697
45	1442.856079
46	1436.919189
47	1436.855713
48	1438.341797
49	1449.344482
50	1447.273071
51	1459.918701
52	1442.321533
53	1441.966919
54	1442.505981
55	1452.929077
56	1457.018799
57	1444.805054
58	1444.637329
59	1450.414062
60	1447.765991
61	1454.757080
62	1434.480469
63	1462.472290
64	1446.951294
65	1435.959229
66	1441.179565
67	1414.910400
68	1406.031494
69	1367.506592
70	1333.686890
71	1303.098389
72	1305.483887
73	1326.161255
74	1379.897705
75	1402.993408
76	1415.574219
77	1420.834106
78	1407.097900
79	1378.500732
80	1330.189819
81	1320.405151
82	1317.093994
83	1327.446289
84	1376.982788
85	1403.491699
86	1431.484131
87	1440.707764
88	1433.174072
89	1452.188232
90	1445.673340
91	1445.319702
92	1435.656250
93	1458.481567
94	1445.437866
95	1460.814697
96	1448.123291
97	1448.846069
98	1433.400635
99	0.000000
100	0.000000
