0	1337.577759
1	1261.219116
2	1293.617065
3	1355.534180
4	1315.879272
5	1325.889771
6	1325.208252
7	1312.077148
8	1323.941650
9	1365.673340
10	1358.358154
11	1313.902466
12	1330.911011
13	1325.828003
14	1271.650635
15	1324.540283
16	1285.717773
17	1351.776611
18	1288.270020
19	1287.123169
20	1308.678223
21	1333.785400
22	1348.415161
23	1313.001343
24	1360.845093
25	1310.853638
26	1282.463989
27	1299.844116
28	1329.052979
29	1312.235596
30	1299.993530
31	1319.226562
32	1329.052979
33	1312.235596
34	1299.993530
35	1317.812988
36	1316.984375
37	1342.755981
